1683
9817
10629
3390
7421
4616
2494
11323
8871
1148
1610
1679
530
2047
2556
676
2698
10645
4780
1455
14885
11472
3193
7122
4258
9849
5886
9732
8876
1580
11039
11831
10865
7893
3897
4057
10633
9167
6474
5908
9564
3569
12374
2136
10535
3542
1829
4235
7862
4097
2739
5282
11119
2141
2141
1867
10492
512
4157
14043
84
14098
10050
13164
9763
3311
8558
3090
5815
7318
10243
7643
803
5770
8017
1210
8611
8328
7534
10262
6759
1080
512
5993
9560
12921
1477
7594
12761
3204
13790
6552
7728
4390
9114
10113
11207
10106
5846
1364
117
4855
11241
9555
4676
1760
14256
7075
2554
13989
1310
9061
11531
9087
362
12860
3456
8142
4835
7586
3024
8718
8056
3671
6160
11658
928
3767
4449
2249
658
14471
4238
914
11327
13225
11668
12373
3133
1290
7986
5341
11055
7025
8053
2057
10648
8689
4027
8475
8557
12732
10664
11652
13205
6982
3706
5796
1958
8316
3219
2606
9858
6294
9706
9906
1800
7830
7157
10162
9756
8307
4079
7294
14383
6609
5864
11208
5999
5268
4617
9742
3584
12440
10865
12176
2069
14620
251
2134
2764
2912
7538
10645
9319
6324
14909
12200
12155
12923
1662
13046
12773
3727
13022
6468
10823
5059
1858
9623
11231
12559
8603
10466
11097
4298
1734
6557
1424
6405
8589
14928
12081
7261
14281
8897
4718
5729
9875
13548
12606
4979
4845
1709
13612
6307
3236
11564
7769
11883
7719
10586
9020
11642
1048
13176
1909
12489
10175
11433
8096
7721
4510
14599
14642
10981
1488
3169
1086
7176
9802
3269
346
12680
3260
5747
14462
8717
6343
12476
10189
10080
6107
4665
1323
6412
14104
14459
14597
4951
11514
1835
13819
7151
649
8730
7758
11698
6424
6499
6099
3396
2339
6171
14563
5953
1849
13568
8
2048
12884
3158
14070
11115
594
5548
14548
4018
1172
13765
7400
9297
2873
2956
3848
12856
4071
6802
11645
11896
12390
11871
7128
4510
3615
3234
5204
13757
9193
6033
12910
4067
6787
8241
3625
8644
9354
9628
3476
14066
14807
10962
13853
7470
5293
5677
4311
7711
7620
3687
8500
4520
4290
13672
12031
9090
13020
6038
5492
5625
11512
8861
8042
1224
3585
8398
12240
10990
2595
4337
13932
6553
13367
7636
2180
14160
9608
5839
13322
13182
10
11890
5326
7328
12935
2901
3702
8984
1735
14943
8186
1946
10411
13770
10473
14410
2383
4464
7183
2367
8749
10234
4202
8570
1426
12151
8433
8969
1070
2266
10836
6960
9666
7539
10516
10987
13109
11133
3367
12886
10015
11012
10601
8010
4383
8380
7199
3462
1575
10295
3051
12859
14405
6835
212
9742
8925
3444
3378
7319
2724
13532
2263
9344
2320
125
14173
5927
5380
8223
2627
13651
8214
11698
3368
11789
4055
9857
7629
424
3314
4391
13973
12142
3000
12202
14440
6422
14078
3587
3141
119
2530
8494
5818
8372
7350
997
2191
12940
11662
13773
4258
4367
1569
10267
7952
482
6188
12310
2815
6547
6730
5261
9564
1962
12251
1277
13592
4638
5027
4085
3593
2178
4236
5554
13638
8701
7876
10601
4080
12531
14524
2336
6751
13175
3729
8977
12914
10798
1425
12942
3440
13053
4892
534
9626
7361
345
7966
10022
11785
249
933
8489
14366
7006
10686
1634
9241
14601
9471
9547
13021
5254
7380
7616
6835
14037
11011
3930
2996
791
11943
6547
10636
535
14833
2599
11648
875
5974
6903
2070
12710
3419
1363
4528
3791
4210
3102
14536
8405
12968
8817
2393
5669
3994
10419
8049
13558
1150
12550
8673
5945
1142
11026
2723
10521
1384
2766
130
11523
3391
7148
5707
2768
1676
11163
12148
13452
6312
6084
4898
6687
9778
6716
8895
3678
5353
5586
6531
9860
5205
3716
12304
13173
1401
6845
7480
14057
7388
6201
7586
6502
6028
11079
6862
14835
12988
1641
1760
11639
11317
4470
284
13456
9145
10494
393
12593
12923
14942
8820
10544
3196
7025
1524
6141
13762
13033
3564
9666
13135
10476
4490
12737
14497
2850
10344
2772
11843
4493
5114
410
712
7862
7932
3178
1869
6407
12465
14189
425
5012
1857
527
11279
11747
6173
12392
4349
14416
14639
905
14867
8109
11992
9807
10054
618
7052
4056
13735
1252
12086
6606
4917
10180
3742
13366
42
38
10260
10518
6541
14066
10299
13068
2427
585
6082
13598
13012
7098
2625
829
6400
13768
10637
13628
4174
5463
3171
2675
12720
3923
345
8978
3810
7021
7407
922
5543
377
9091
4469
6378
12910
7593
9550
10854
2193
7609
9556
10723
2695
4707
10210
9486
5225
2845
13889
1897
14058
8112
5791
12720
4373
13760
4058
10996
1767
11294
2231
12277
7651
3791
14079
11674
9440
10788
3011
201
12440
3928
10938
728
6321
4095
14507
2931
3055
4136
5241
13903
5091
11208
4138
2573
2476
4571
782
11834
444
3081
12005
12168
4896
6810
596
9764
6932
14114
5426
5459
9424
14068
5792
3440
13317
14525
14582
5461
4087
8105
7232
12352
4439
7162
11186
9842
7995
9294
3869
10205
10330
7129
874
4897
13288
69
10290
11281
11088
1294
8732
8647
2235
5701
4786
89
9736
3521
1168
12338
8611
145
12994
10470
4081
10235
1039
8365
1228
13391
941
4038
12314
9625
11728
11398
1219
10556
5015
11623
10837
6613
14614
13247
8473
1681
212
119
6578
14401
8089
10726
6329
4930
1680
10881
4777
12195
91
9558
2394
14677
13396
9579
12001
7456
4813
1095
7122
9681
11518
1163
7873
14746
8030
2377
5513
10328
3734
7337
2772
7029
4221
13806
11052
2631
14649
2693
2484
4010
2436
7472
9773
488
1036
14416
4577
843
6571
2895
11053
11376
4505
9204
4960
14315
9495
5721
5514
4470
12886
4805
11910
2330
14218
8647
9158
13900
10403
7332
8531
1292
9019
2596
1598
3593
10440
9251
3411
4726
7232
9929
5012
8940
3448
1692
12969
10220
11112
5209
14190
9231
11319
3494
2730
5539
2976
12816
1792
8589
8277
8132
13533
13491
10544
14409
1692
11855
12085
8423
12418
3889
12161
8043
7026
5649
8149
7678
1681
9698
6348
9445
8322
13568
2806
4679
8349
8213
3851
14748
5818
13230
10868
3661
70
1841
4125
7684
13858
1644
11221
14179
2164
1849
6946
8040
3973
4098
13050
9523
4328
12152
8568
11886
7022
5557
3984
11084
14248
8985
10624
7861
13522
12260
5229
4814
4103
6052
13697
2542
5022
5005
12500
14696
9727
13484
1245
6670
3158
14308
10299
1864
893
2713
13314
12769
11749
11435
10858
11784
2
8074
8225
13424
1062
2994
12803
5645
146
4756
9167
8258
12118
563
3343
856
2302
1416
1374
11373
12644
5570
11554
9316
150
9561
9335
14792
10071
3387
14048
849
14768
5537
7196
2169
674
9353
8106
2950
187
4702
9321
5810
12728
3196
1069
1766
14564
11141
1656
8768
10325
12054
13552
2941
5469
14999
8367
7542
13186
6082
2790
14741
1515
3281
6910
14661
11618
9339
6170
4605
6357
13698
8478
9188
9477
7438
13764
4034
4774
9913
9506
11895
6758
2151
12413
452
14352
5265
3665
672
7178
11962
2680
8466
10
10815
7539
415
4888
1261
3725
11651
12357
2306
11899
10443
13167
9649
4913
9786
14635
14376
14281
6208
6734
6579
6710
5174
6735
9106
7282
835
13038
5283
12179
5467
8547
9761
10770
5758
6657
13707
14135
4126
8621
4289
14936
3493
14667
3925
11766
8442
2905
11944
4868
4312
4610
10233
4274
8755
12033
5099
1098
7354
427
4898
2860
11272
14435
12109
9278
5448
5486
14277
1089
5651
6243
10802
943
11679
5558
11764
12464
12240
12753
5933
6031
14460
13384
12783
2757
12625
14935
12713
11604
11658
189
5800
13404
5894
13230
2224
9937
8041
13267
2052
11032
1769
4642
3337
2928
14063
2515
10473
6919
5505
12868
4446
13499
12788
7524
3027
3946
8207
14950
7136
8428
460
10618
14406
7353
14976
1717
2602
793
4
9936
13821
9356
12023
7990
5418
3961
10487
452
340
11429
2672
12314
12999
7812
9313
4543
11991
1822
5877
14702
2842
1618
7681
12471
12598
4609
4689
4646
8378
11777
13585
11916
14059
5334
798
378
3047
6326
374
4412
538
12057
5060
14146
911
1912
12667
327
4779
4371
7671
11980
5907
7670
5134
2734
509
6679
5382
212
582
14179
3426
9324
13650
807
1899
14738
3895
14428
10282
5203
3796
11757
6394
2760
6426
2488
13594
13211
1175
14149
13751
10526
83
4314
6949
2135
13064
677
13974
14292
8147
3860
11931
11923
12365
2622
6893
10513
10248
6448
5208
3788
9805
6241
2077
10007
5603
5066
2188
11810
4991
12589
2607
4590
11614
9034
12754
6409
5265
12074
5106
8425
8665
13222
8382
8821
5083
8816
7188
10081
10702
14750
13644
9429
2386
8613
2214
5050
9944
7855
3884
11590
12171
8068
5025
12221
12809
11359
14602
1315
11229
11195
6039
11549
12894
6927
1806
6927
6773
13555
9871
13922
5606
33
1376
11572
5402
2731
3380
12971
2778
14335
14204
10203
7637
12711
1791
7311
9357
13888
7653
11398
6980
3468
10297
480
3014
6363
7589
13151
6215
817
12294
9543
6257
14238
4040
490
7421
5343
9149
12130
14388
9607
12241
1556
10896
7961
5153
5397
11398
2067
4597
2504
1982
3425
68
9151
9636
7862
2842
5356
13477
1835
10405
14144
7845
7205
8428
6669
10126
11952
9361
276
5900
477
7905
8643
5385
3883
9034
3199
8344
7729
8838
13046
14431
12449
2350
1588
12556
9669
5522
12062
6140
6276
10838
1043
11145
12075
2539
8950
5485
6444
8147
4400
11909
14307
2914
121
6572
12232
2984
11926
7446
11364
6421
4016
5291
272
13852
3653
10264
12658
7293
896
14275
12181
1742
9846
2964
4446
14381
11421
1656
4464
10700
4350
1863
11601
532
5639
13812
8260
4900
4310
1117
13155
6709
12754
11083
10230
4633
13516
3200
9801
143
10794
14167
4654
2372
5365
335
5282
4531
4050
7656
10534
13802
10183
197
12353
4064
9910
10940
1277
7479
412
12994
2758
11815
10459
10423
13253
510
5901
10761
9386
6754
2957
5791
13293
11420
10294
8459
7562
2432
2082
6772
8932
89
8279
209
1137
4096
544
627
3969
3428
7164
12765
7829
4777
3453
4309
5623
4199
57
2059
1983
9613
547
4038
8381
4103
1626
12403
11690
6450
14173
8724
3316
11078
1195
1699
949
14485
4623
12479
5450
14430
6662
14736
11309
1490
3200
10161
5465
10211
11500
10424
6165
3882
7144
3692
10822
7992
5825
2539
4650
7677
14284
578
95
13941
6276
7345
803
7101
9025
9886
8083
3847
8217
149
7450
1383
66
14608
8003
8507
7495
11666
12971
9013
3949
8151
10824
2606
2746
3746
2909
2487
7317
6410
10554
12023
13011
7837
7072
319
4506
10626
8034
3184
14149
8251
1597
1848
837
5024
4554
6886
1285
1077
9129
9113
10729
1909
10340
2739
13308
3346
9073
8834
8506
716
11729
9118
4146
762
8579
1258
3526
1213
9587
2296
4330
6114
13719
1417
9982
4821
5280
12142
79
14193
4021
2063
527
1775
9253
10549
10914
2804
2293
11313
11559
5582
1034
7490
10537
13229
5442
11776
1822
4998
13208
8352
14485
2208
10690
6695
14668
7484
5685
14952
1784
1295
399
7381
13111
6853
10310
1391
1620
13171
7422
14957
5543
11588
9626
9646
4762
8257
11667
8206
3743
4019
7348
3542
8235
13714
7314
13036
3525
4357
1865
8532
10488
5671
13857
2840
2175
12268
12813
3406
3060
9278
2914
12795
10528
7478
14539
8856
8478
4904
1490
14853
6317
14603
9016
11537
7891
7596
6114
3969
4158
1185
9509
11028
10694
620
6046
14835
1293
11637
10051
848
12113
7679
12489
2156
11974
13571
4552
13431
8528
7148
9470
1231
2089
1717
3082
2701
4005
10423
853
14383
4416
8402
11642
1668
5301
209
1644
2497
8621
3300
5489
6179
6324
13347
5527
4718
3872
13923
4815
14740
11803
11523
9329
8055
690
7067
5340
13048
3661
11936
13822
2449
12405
5165
132
10656
12343
8781
14068
562
10348
291
2707
895
9079
120
11234
317
5632
12242
223
3984
13847
3495
6551
6984
9166
10947
9323
11955
7524
7365
1864
10306
251
12147
5932
2822
5466
4210
4950
10983
7899
14068
14080
117
8521
14890
11539
14499
7726
1548
12540
7720
1219
2598
14718
4109
1059
7845
11861
13620
5635
13502
6160
13483
1617
3071
13085
5018
8165
14911
12350
3301
3887
11983
13220
923
223
554
2755
14821
11072
12590
1272
7133
2597
6316
5609
12198
9229
10789
12395
12271
6955
13520
5755
14080
2964
2
11468
12266
11767
5593
12722
8759
6815
13515
11162
9433
3611
12702
979
5910
10181
1006
8292
11056
8638
12711
13036
11686
12435
14448
1035
11130
12664
10541
14839
2698
3571
7379
8293
2656
2163
6769
11638
8166
9527
10239
1296
11646
7131
5066
6254
8262
10040
8239
6216
12747
590
1810
444
5413
5659
6985
10375
10120
8207
9954
3781
14117
4296
9812
13358
991
5295
8010
3249
3519
1415
9553
13061
8023
7173
8713
467
10796
1755
11196
5520
10406
12644
10731
2247
2119
14186
654
6055
12323
4085
5488
3904
6725
90
3613
13041
11188
1383
4954
8508
3362
14364
7158
4373
6823
5738
14988
9009
2162
1940
665
425
1453
3049
2572
13926
3686
6430
6156
6069
4194
5406
14029
6017
694
6265
2085
8056
12424
7916
5063
12133
11909
7458
8276
12819
6186
11864
12209
1180
5791
5858
3477
8510
10545
13964
9034
5870
11124
5510
10733
8829
14521
181
9190
12697
9915
13506
14562
9946
4031
1379
7129
8331
6904
10435
7633
10590
9972
1794
11113
4342
13698
4307
3416
9094
1353
5072
6813
967
4316
9578
5023
14974
12130
11364
8628
4319
7668
6636
14199
11333
9149
7739
14529
5258
11243
882
3181
3166
2342
2898
14047
11826
14039
4264
888
5356
2082
5935
7722
5949
512
5897
13660
7937
2350
2657
118
13834
1059
2132
14503
4922
7117
1682
7236
3245
3336
10193
13572
11757
1095
1340
2918
14586
7413
8272
1329
209
9745
2103
2581
6484
11562
3669
9623
13250
7221
13046
6369
10302
4193
14387
14630
6242
4626
4587
7572
6760
11225
8270
9388
14485
9751
3506
5879
6606
11915
12579
7370
5926
3183
4974
13841
11020
4916
10607
12338
11610
4454
10105
3594
11168
106
10728
8416
5153
5613
6271
14716
10125
451
1973
13112
11323
3389
11169
2782
9055
11940
9030
14750
12514
4841
5399
1974
8374
3359
13269
9529
5688
5141
2038
8829
3300
11441
5179
12168
11089
14908
10462
2963
1990
5667
2325
7857
2782
8230
412
14365
8189
738
5707
11980
4835
11287
6045
599
4079
8505
6130
2817
693
216
3475
6003
2760
9881
5974
6203
12060
636
9040
13728
3546
11009
10461
14841
2346
4973
9299
203
2012
11717
6314
13753
13485
2486
12500
366
477
3039
9413
12071
3680
662
5020
10757
13341
9322
11825
133
12400
10359
5017
11303
5492
14206
7333
9609
7658
876
4296
396
5677
3495
8323
8112
4411
14824
13131
1587
10556
1704
661
8509
11616
6475
6542
4013
3846
12806
11935
11907
14268
5978
9268
12367
13757
4453
7162
7015
5459
599
5441
11018
641
3707
4858
12358
12293
7876
7697
10620
549
1048
71
1549
3187
9371
9229
4296
9114
8198
4760
5596
2893
2377
11022
9238
8963
4023
9636
14942
10272
10780
5266
13309
7574
1556
5338
12716
7662
4935
9701
9997
1275
7912
9565
9410
9363
14247
11376
8798
9807
12616
5529
12934
10577
14822
12087
1884
14647
8633
869
6780
1841
3376
11468
6621
13010
9118
14868
12749
7777
12278
7502
7309
13230
11670
620
3459
7707
4391
7934
13203
10936
608
12506
3601
4442
10108
4837
3677
4227
6564
3098
2651
1314
2747
3327
111
4757
6396
2373
10517
11249
2193
4175
12838
5431
5222
10847
6317
438
441
8808
5251
4141
1081
7001
14266
2930
11457
13948
5903
6718
1522
8135
4386
1185
11489
11882
8185
11046
10122
7493
9495
11412
4748
1116
5936
8010
9736
4312
13706
6243
3098
900
7064
8723
2981
2143
11375
1050
12166
6876
6015
6202
9257
4573
9247
3973
19
8847
4693
8442
11312
11220
3233
13451
8316
400
10160
13554
13137
5621
10049
10836
14581
3904
1207
11424
14720
5387
12685
4381
13002
3096
9641
10046
12931
8736
12408
4666
4912
9285
874
13496
6570
5289
8768
10274
13848
10896
7151
2201
2352
12741
2824
11274
3842
9856
10515
14957
7358
14781
2557
6817
3354
7079
6345
869
12232
9379
13176
6904
5986
13028
7050
13154
3141
5317
13791
7137
2891
13115
4267
480
14295
3580
662
4014
10521
1427
1658
286
11526
3983
989
2067
6124
5033
9128
12259
1237
6144
9968
12913
2135
9847
13069
3906
12715
7692
2559
5015
14368
2827
968
8905
10614
6314
10198
6725
12663
3970
2462
12656
8111
1022
1409
13906
6381
10379
7686
13240
10036
6760
14037
2198
913
3375
2501
4698
3981
10214
553
2731
91
8416
3941
8318
11179
8462
6671
8853
8168
6314
12977
11375
2680
5817
2210
10172
3754
7990
421
6496
92
12995
6947
3973
11874
8774
582
13581
8929
6485
2900
2826
14043
6989
989
14980
6325
4717
13278
930
10011
5311
10297
8343
13660
1435
12040
515
8581
7171
193
10329
3359
10360
6800
8352
13652
9162
5907
13122
7907
14045
11528
6185
393
9232
13657
4419
7843
3520
4269
7634
196
9135
2130
330
4269
14113
13836
2897
11807
8394
13830
14385
10148
6557
3209
1283
14797
5778
876
9557
13421
1266
1084
10409
5273
13025
3618
4014
13719
7388
6802
4606
7467
14322
9118
10013
13192
12019
7619
13843
3630
3782
10381
14117
10744
13687
1027
3236
13364
11906
10889
693
7692
12990
8593
11943
2297
5790
7802
9347
6628
11991
11542
4003
8769
1571
5902
10747
4010
2765
12026
12433
10901
11339
13128
4005
10772
4198
7818
6638
5240
5544
2287
7569
3958
14918
1877
11946
6839
611
7281
9289
1173
8981
7012
8820
14457
10286
948
5103
3381
14677
9601
13060
3269
7938
340
4524
5313
5588
10088
7062
11238
5828
9048
4858
6526
11751
6712
10916
14047
1083
9897
14846
4878
7565
2692
940
7256
6876
110
2145
2965
6803
832
1924
13079
1052
4779
2859
1769
3858
13257
8159
2925
3201
8235
5023
4580
4078
12745
7065
624
14926
1646
1751
12930
14837
10873
7957
4974
11797
3953
13462
106
7683
1940
12279
4019
14235
6958
2377
1482
712
10385
352
12209
13331
9183
11221
14731
9017
3155
13443
5345
11341
6812
6807
6666
4852
2253
8729
6955
5350
8823
7943
12259
2860
1416
8439
13520
1361
12149
840
97
14512
14647
3264
4678
14788
11451
3960
7323
9605
3068
3812
3332
2117
1842
2980
819
11454
293
7692
4297
2227
11662
5316
5169
6148
10309
13519
13900
4604
11138
2378
6680
9979
5562
6910
11677
10460
11511
6504
1485
12934
11717
12267
9075
6495
12986
3241
4505
14854
14311
7923
8806
9806
3583
8420
4801
14644
11267
940
2265
1170
4731
3202
6585
11646
13964
6632
11151
2725
13192
4027
13936
7047
13358
11616
3205
4771
7674
3159
969
11955
6341
2952
10708
5196
12185
14241
3016
12494
1321
14676
4152
8784
2013
11074
3069
11055
732
11786
7225
2376
11881
1521
11538
11572
6933
5499
13018
655
14648
2243
6072
431
11724
2320
112
6037
12624
13689
2002
8406
8425
8251
5932
14921
7356
8525
2658
12719
9261
13177
8539
11283
12460
10447
2598
12114
9482
4262
1744
12381
7846
14039
10532
11554
8465
894
7213
10040
7432
10129
2452
1917
6745
2492
10953
14789
11172
9823
4262
8814
6692
14249
10337
8824
6002
9145
11928
3395
3305
4587
1573
7568
4032
4966
922
11770
335
11925
11259
13289
5086
11663
10494
13406
695
7026
9438
8064
14422
1690
7047
2637
13883
6015
10298
2049
10218
11986
14640
6143
6877
2858
10426
6820
14178
1913
14400
3028
13714
13864
3257
2281
2329
12157
3365
12860
7726
5527
12134
14374
11873
7768
7043
5808
14141
5753
13121
4602
8651
7277
8707
12732
14511
12290
12476
11094
13597
8583
2212
6855
8199
5921
7434
9726
238
6026
3847
2386
14867
4719
12711
2530
9103
6840
12515
9219
689
9432
8864
4395
13616
3919
1262
11570
14770
8801
2422
7802
5824
582
11924
7185
952
7375
1447
9092
9043
6759
8439
12480
14005
12121
13905
3510
13262
4798
3081
2739
12901
7907
23
10026
12900
6812
13653
240
12630
639
13513
10673
249
14264
13417
1934
14797
638
5343
7900
11697
9202
9291
12036
10935
2551
12419
2194
12575
5356
12573
13665
11269
6852
2372
10951
10203
11008
249
2393
10396
11751
14319
13358
8494
14323
13631
13332
79
13067
9268
9771
6195
588
4877
2117
8135
8369
2568
12847
4598
14524
5657
13924
11135
5444
4546
1405
9331
14615
10991
13380
7361
8911
4250
6792
14554
5137
10049
11992
254
7523
9929
10221
6643
5319
14431
8463
6316
3481
13678
8349
13228
3821
13197
11027
10163
8807
6377
8070
2147
5458
12696
9648
3220
12594
7835
300
8668
10859
7947
9744
6250
1684
5803
11208
3080
13493
6119
2763
9701
1085
1236
3184
4461
12246
1375
7767
9566
14189
974
1503
5256
11480
14112
6879
5236
1597
12739
1455
9961
14261
11376
6211
9560
11106
11094
9425
42
3185
8970
7662
5070
5172
11780
5169
893
11992
14551
10676
9080
907
5567
6299
10456
4898
14722
1874
9150
1417
1540
14691
2819
4327
2911
14134
14096
11036
13450
3349
13887
11479
3557
10530
4541
10774
6555
940
4982
2917
6885
12225
5693
14027
6085
5015
13933
5108
2294
8202
13845
11370
2247
13654
12021
12595
2138
13451
6789
6971
10415
4039
13862
14249
11422
979
2114
7962
3904
5184
1053
5763
7700
6774
11116
11806
10490
10843
4197
5340
14190
5581
9760
10470
7576
7317
1627
3249
7897
14121
6938
3971
4645
4674
1919
4685
8259
12121
8959
4599
420
8622
6054
14120
5600
10279
13013
1875
870
9029
13788
8068
7416
13023
1053
12052
2969
4833
2602
6964
4272
2706
14313
9722
2863
13857
6292
578
5838
588
2448
7833
840
4745
4065
10143
1335
8738
14975
1174
9265
7042
9712
4155
2426
720
1510
2142
13371
14149
4204
3498
333
12695
6007
11345
3575
2656
3809
10346
2687
295
13951
9352
6696
5292
4554
14027
4417
399
5242
14644
2257
13498
12635
771
5679
688
4216
1586
3749
14360
14111
3031
13626
3583
12030
957
3523
5403
10964
2818
13519
9953
10367
4377
8707
14491
14381
2217
3487
11710
4184
2661
9304
5831
9836
8037
10938
11152
14960
11922
8364
6819
2307
11266
12415
13694
14666
4987
7901
14237
13737
762
12411
4338
4418
14419
12934
7037
13560
9378
431
12019
10525
2218
14824
6711
6890
14438
4327
9689
14404
10003
8796
9995
13711
13263
11676
1764
1572
12231
14311
12402
6165
13167
14735
9300
3683
8768
10669
14824
9763
9115
3247
12029
11316
11870
4031
14216
8121
10973
3134
117
13992
6374
10717
13083
14561
6038
7833
7264
7627
10670
474
11292
2656
1272
12833
532
8389
9752
12092
7436
6574
8441
7660
999
10664
413
12520
10755
792
4066
8362
3131
10615
2393
4409
8360
12542
4901
7252
14479
10533
13028
5693
1248
9064
13346
5448
1084
12944
6728
8657
1372
5502
10988
12488
7697
2205
9325
14602
5738
3050
2214
6039
5700
5027
11104
4040
12294
674
8554
13482
335
10167
11082
6058
11102
12504
8217
903
2625
11234
8837
14252
8034
11733
13985
8760
100
5331
3951
10386
6993
10622
6399
2266
4199
9000
6867
687
404
9938
12928
3248
973
6681
8727
3408
6474
4924
12559
9027
10460
5652
11498
5085
459
13640
8969
2579
13848
167
13439
11620
10942
7258
4239
2020
6304
11246
13726
9106
10867
660
13782
11189
2083
12351
13788
13043
1819
10424
11913
6838
2295
4891
11662
13341
3804
11037
1251
11742
14446
1292
4428
1269
11522
8924
12896
6715
6629
7075
2536
13256
11877
12644
13041
8349
12974
7180
3577
10180
11219
11325
10473
12969
10749
10481
11805
14571
9576
2186
3143
6104
3217
218
13482
1857
12851
6749
5730
498
11116
1808
1836
5570
12752
4053
13888
9423
9405
3247
14208
167
2936
12986
4615
844
14623
7077
12685
13847
13620
4558
915
1696
7000
1618
13280
12544
653
3719
7702
306
5175
2943
2471
14982
13794
9040
4613
3743
162
7809
8657
2441
7699
7378
5177
10614
13910
1497
9832
654
12847
4336
521
8587
11608
3294
7550
9971
7427
10117
14534
4669
576
1067
973
3691
4898
14130
6199
10022
7383
5149
3576
8236
5757
401
3491
9829
3562
5511
8805
12541
5724
14670
2060
12505
4026
9911
9756
12833
1369
12726
5612
6265
11082
14515
1676
7692
12907
3353
3669
14844
5640
2180
4851
2048
12671
12952
1158
12870
11005
7377
14186
7515
11501
2689
8002
5201
3365
5467
10536
226
4044
7763
5639
8224
1846
2791
7597
11045
2726
7126
1177
4905
14758
2792
6917
1839
3864
10745
13587
9126
2402
7131
7331
10193
3197
256
5146
3567
5563
4521
8886
13722
1804
7583
44
14177
7547
8724
56
3895
7173
4883
5851
3007
1400
955
10816
13003
7910
2883
2266
14925
2670
10625
2868
6693
9335
8471
10346
12497
6838
2166
2097
8211
10959
6115
4136
7066
14279
4385
12052
14249
5594
11457
386
2796
9390
7571
1011
1071
8587
9173
5798
9210
9243
12315
3947
8290
9424
10935
14975
6511
891
2760
9445
6480
11702
8062
1007
6695
10195
10747
10386
8495
1220
2214
9387
12253
8793
6069
947
3172
669
1199
4682
7970
14586
11796
6238
13806
13190
5749
8143
5114
9855
7395
9622
2555
5775
1844
3190
11032
9889
11103
6535
5677
12270
6934
4460
10939
3738
1762
12363
3247
4472
12140
14837
7418
2460
4095
5683
5760
8565
11277
3664
1918
14000
5128
1927
3780
2894
11290
13066
1265
7544
3223
6277
516
6819
12441
8059
981
8998
14944
3351
6002
9153
10339
4889
5918
7940
3708
9990
10267
3415
651
10777
2503
5185
12953
11201
1653
10915
1086
2013
10606
8816
10273
8065
10181
6397
3986
6074
1818
318
2740
5171
9625
9751
1621
12198
14667
1175
12383
8886
10684
11026
5026
8610
6038
14060
14527
6513
6413
14761
10967
13318
1842
6476
5472
5149
4815
13354
10381
14176
3689
3490
9711
2811
12241
2986
366
7640
12120
14905
5666
8115
7
9337
10587
14400
5645
6015
7649
3596
10376
4087
8662
13826
3642
4799
5510
6454
6806
1964
2876
12910
14877
7181
7197
9297
7124
1807
4325
4135
7171
5724
13183
7186
7020
8922
9310
5461
7512
5887
10481
6036
14
4706
1586
4352
10610
2703
2711
1199
13807
3286
7797
6536
7696
14509
6427
8759
11657
8681
3192
3928
1084
4098
7680
10873
6190
4728
8465
9900
8766
1411
11527
10207
1797
8756
2290
13832
7084
10641
5941
2275
512
13771
12921
10626
3237
8373
10361
8235
10040
7648
5921
9621
13165
13125
7813
14463
11318
6553
13871
6086
9085
417
13355
13956
11773
13622
12649
7227
9699
11238
10278
3367
14177
12624
12614
13401
9855
10529
14295
3241
4754
5108
11796
8952
5197
1055
4682
7759
7933
13279
1909
5867
11064
1791
5078
14043
3905
4608
11810
7183
8681
13682
419
14828
3892
12906
11710
829
10415
9413
10213
7076
11768
14373
250
8324
4617
2549
12123
12823
9442
5864
274
6538
9331
168
13573
7323
2158
1359
7887
9433
2907
6862
2847
13304
13605
11396
3141
462
13278
11726
9883
8888
14497
13961
14437
10087
6441
13699
744
5477
12025
4063
7483
6562
13416
9393
8463
10687
6328
3026
3403
6951
8706
6262
6742
110
3891
2203
9324
9037
2045
7753
11711
10482
11517
14640
8547
8568
13951
10788
714
5556
13286
6922
6132
10031
14366
14714
5838
9747
11634
12195
9483
2862
12415
14596
8646
3349
7479
9115
7286
13809
9048
448
1341
6884
8022
10229
13880
4853
8113
2807
13301
5902
4646
12006
9903
4890
109
3743
10731
1271
2048
2551
3803
12093
1678
1198
875
8788
3522
1719
7552
2653
12593
8254
1003
652
11034
7137
8661
10312
10765
12720
1158
10115
12494
8382
9322
4901
4572
1152
8348
9370
7381
10304
12282
6781
507
5164
8680
14485
5620
10249
1775
7899
2945
11683
2619
4936
13364
12665
1611
8885
1541
2479
2364
14053
8084
3355
11262
5364
10549
2126
4038
438
14120
4356
14524
424
3079
2243
11165
14161
3590
4200
4114
3931
7077
8647
9649
5292
11319
12048
14268
13110
3550
11786
8212
6079
1181
7952
7204
2580
6313
14568
7021
11832
11
225
3018
793
1292
469
946
14321
13994
14686
6373
3526
12158
13528
7692
240
11167
9253
7056
3900
7807
610
9745
1061
2457
11150
5242
2076
985
50
2863
14315
2395
12714
1075
11582
1071
4562
2563
10133
14406
5548
11877
7948
12790
11
13838
581
9343
11524
4099
9081
6408
10450
3045
3122
4645
2866
5840
563
13652
13513
4704
3239
10290
12331
9528
7814
12417
14056
4651
10049
1437
3211
13104
5790
2008
12657
9769
2453
6411
2678
11799
5665
14462
14353
13271
2138
12429
688
11339
1665
6229
1721
3231
3482
10232
5462
2175
4999
13217
10198
841
4180
7508
5294
3072
5568
11012
12234
13608
9145
9771
10152
1149
5884
5770
10673
2448
3985
1095
5354
9214
5376
76
10463
10403
3134
5854
13294
14973
12035
6791
6582
4435
11421
1369
12967
5464
12064
2665
9791
5520
11658
10123
10795
13805
11968
2249
592
6004
4544
13928
4994
4080
1286
1367
5506
1928
10936
11223
9479
13980
2869
8199
13541
6810
10321
2378
7062
3517
6415
8732
9486
7064
3019
6675
5421
1903
4679
2117
14381
3058
12442
8361
13105
8448
10545
5206
12294
13491
12464
2928
11561
7055
11895
4298
6286
14587
8714
3516
2927
7646
4962
870
165
14292
11338
6102
7096
1632
10586
1817
6412
459
558
5869
5291
7237
11580
3489
4405
723
5067
10909
11145
9295
8117
7539
1797
540
12085
3164
4039
6833
1838
5369
10686
9599
1622
10258
3193
10550
8100
6697
8930
575
11268
5620
9741
1024
4566
11524
5748
2934
6551
3047
12816
12237
13048
8524
4460
8263
10700
10625
4361
13754
5312
11647
3999
7326
6339
7635
11180
3656
2252
441
4562
2827
10445
6868
6466
8055
4640
8396
1519
10584
7619
13498
1815
1796
12369
7311
457
5579
477
10396
9449
8664
2883
4486
14971
13108
4722
13571
3172
13205
13224
8245
12582
8982
210
5108
10283
10000
8872
1085
2902
1509
3057
4774
5453
9963
6331
3467
910
11707
7613
5188
1309
7025
5121
28
6964
1977
841
9214
14222
2285
8627
13745
13928
2188
427
6964
7543
6462
11982
2329
10520
10898
11667
3584
8288
5247
3916
4869
13765
3171
11954
2704
12012
10894
3261
10512
2165
5211
406
4230
14371
12128
4536
14699
14967
4762
3955
3845
1621
13230
10805
12242
11639
10018
9957
415
6042
11873
5736
10262
4434
3468
9122
6157
6044
9047
5545
12769
5655
5934
6331
13260
9441
13183
5266
7413
10004
4732
10648
9337
2145
4291
12513
3680
11118
13689
4577
2868
3274
7720
5690
10558
10186
11475
1387
8542
6421
10867
2316
10460
8247
3470
3047
6135
10583
14937
6904
4923
7554
6120
5099
10350
2982
7583
1580
1359
6112
11512
3504
2743
14799
6024
11373
8895
3284
8619
7293
5661
14545
8975
9858
10070
8055
6438
4564
11835
7570
14482
4588
13917
352
7981
13147
12023
8969
9501
500
14717
9527
7840
5981
6875
10863
5813
8226
14437
12877
14784
31
12898
8810
5607
12992
647
5823
14608
1278
1194
5847
8834
3540
422
14121
2195
12116
11361
6400
13160
14257
4534
2218
5508
11202
11715
1057
6110
2446
9928
10639
12977
14564
10732
6964
12754
1419
12293
4006
4499
537
13366
7323
11006
3843
9227
10082
5001
9823
4640
12253
10393
8538
3297
8943
8306
745
11671
1994
8870
7636
12997
10156
12743
3498
14021
12215
11035
9807
13408
9590
8729
10952
1033
9920
9822
3975
2064
1223
2287
7323
13552
7182
2515
11708
14315
13064
12206
14768
11189
8728
10679
5216
6211
5070
12321
11711
10016
8094
2336
11643
6679
10678
4117
457
9363
10866
8490
8086
14536
7312
3627
10407
10102
7243
9828
10521
4588
10001
337
6935
10587
14924
13197
13573
5878
966
9567
9722
5137
2054
6187
11816
8822
1808
13534
8120
13722
13742
6919
7027
1795
13661
10070
14855
10255
4382
9875
14589
6421
4434
1711
3110
10644
6780
7352
10972
14603
6012
1610
817
495
12840
14897
7969
4072
13037
1501
4708
1134
9281
2792
8137
2974
8641
679
10430
6337
664
14449
4605
12790
11253
3698
8788
5932
5698
6284
12204
7590
10350
3265
11925
1165
1588
12434
584
6425
7765
13542
11994
10490
4908
11383
8765
9361
9948
12815
3630
8176
1261
352
4305
11459
263
3250
10286
11900
9702
7042
13999
12695
14232
9201
13240
14207
1687
12058
6829
5630
9314
4284
822
11509
13042
14123
3558
1332
4616
1180
14187
13008
11185
8897
6186
7847
9633
1880
9679
5713
13613
1023
4176
14232
14915
4850
6594
5440
12390
7702
3150
6930
6253
14308
2917
12446
13136
926
10484
4026
12782
603
317
9115
5767
9170
5979
6643
8101
4388
3482
5834
2969
3172
4549
10523
12296
11071
12584
9962
1167
4104
6615
14551
11475
5748
1446
6554
7478
1253
10618
11776
5201
7577
12715
13231
9895
5032
10860
12173
924
6330
10092
5359
11693
9923
12586
206
3304
12565
1442
6428
14818
5689
10003
3948
5028
1642
5332
12295
5734
13936
11670
6288
4512
549
7308
6684
994
10879
6424
2514
4583
252
10972
14102
3518
5896
6807
2287
10039
10035
7664
5064
9329
9201
10651
2789
688
4035
7312
12295
13244
741
10262
8568
10249
8957
6753
10295
10763
1148
2397
12364
10232
660
588
14431
12154
4336
948
4943
6662
1100
8381
4447
13481
83
13044
10704
11286
5827
5752
1059
8070
3694
2967
14602
2609
6019
10684
13027
5655
13575
7108
9656
10900
12748
10094
10854
212
1315
11861
8076
35
9960
481
12024
11209
12614
5158
12771
2791
6374
205
6430
11789
11146
1080
9784
9965
269
14715
9379
11113
1197
5706
925
2447
4871
14772
8349
6872
8668
1167
9617
9108
807
6488
8386
7708
13783
13556
11758
2128
839
5726
9797
14041
7594
4153
2096
131
10849
3184
10537
14552
3117
2126
5420
3263
4776
10215
9456
14309
696
668
10580
3064
4990
9182
5288
9296
929
12226
4117
13763
3293
10931
5055
5825
12250
7274
14035
377
1541
5658
14270
7091
4004
4809
2979
2721
4571
2265
105
12857
14603
1499
8864
8201
11925
9977
2424
7017
13117
177
4722
27
13565
14810
1318
1543
1361
12100
3292
11195
13562
7176
8576
14041
7351
1166
5636
3377
4455
699
14208
9934
14695
12031
11810
8579
13761
1038
7946
9004
11271
7781
362
192
2842
7287
14377
4798
14276
11631
12182
13809
2097
12252
9084
9133
7485
10803
12994
6928
192
1668
6986
12713
320
14528
7502
408
8792
1164
2744
1584
2059
1864
11980
13302
8021
13534
1907
7937
8268
8749
5821
11446
6590
7622
10195
12505
10320
7480
1336
3908
4336
3879
2061
14543
12569
555
14821
5181
8622
5405
13458
4138
520
4553
10668
4744
4809
7031
12434
10351
2103
8489
14057
14344
9779
3745
14984
12434
12869
9836
6497
12141
11209
13536
2288
117
9712
10130
2250
11576
4072
13440
9259
7709
11450
5864
2404
6583
9573
6375
8039
10517
13358
14076
7145
13523
10489
5051
8847
10819
1493
10850
474
13947
10625
8023
9338
14396
1399
9629
5425
11081
9851
1698
12367
7363
14531
47
11548
11631
4941
10847
5819
1798
14491
11704
181
3294
10164
13938
11899
12417
13916
1068
11796
2092
5363
8343
2039
10279
6603
13444
8444
7398
7964
4235
2326
8291
13215
10681
8079
6281
4153
14719
13099
1985
12661
4062
11276
7529
3161
8524
116
2821
9975
10561
9639
14488
2398
5304
8452
23
310
14385
8915
14573
14877
2357
4024
5675
12355
14511
3586
7080
14161
10317
11390
11594
13295
2622
8485
4672
783
14145
10240
5201
1133
4648
1694
7648
7873
9454
1716
415
13969
7839
11761
13886
2429
12991
14466
13291
14585
4047
1013
11057
2479
9834
4101
5912
2413
8660
10490
6502
14071
13605
8424
5780
3731
8363
780
3888
10824
14770
9624
11693
14684
4671
11778
4498
2496
816
8300
5868
5455
8904
8148
9801
2787
10889
7995
5795
7688
13046
11025
5655
10340
11172
2625
3072
10997
9675
10214
2277
660
11090
2964
216
13158
2884
9932
12833
5404
4129
7084
201
2311
891
9864
7287
14276
10840
3406
2212
13274
14765
12054
1881
8467
10330
8759
864
13802
1449
12922
13342
3381
307
12601
4885
10387
8019
3419
720
12092
9474
2311
5003
1927
12863
4110
11457
9753
9844
8190
4539
13372
13206
703
2061
12930
10277
5591
4950
10169
12172
9312
7516
1563
1299
10314
7315
8105
12316
9465
2286
23
10016
2183
4517
6886
6305
11654
14539
7489
2673
5442
2608
9549
4184
4937
8974
11596
6173
13388
8611
3526
5415
13884
2346
8074
13617
3379
754
7978
7615
2879
9589
12852
7661
7132
5875
10715
12678
14571
7133
11824
4268
9954
7503
11807
9727
2987
13809
7259
8143
11315
11856
4717
8054
10600
3441
8559
14924
12904
2757
14551
2011
7360
12015
13834
3937
4090
204
1764
8514
3487
11033
2509
4059
3423
6102
13404
6601
1532
7430
7926
4019
8580
14396
7755
2234
1998
9173
12656
7179
10916
11603
11938
10263
10550
9411
12990
9608
9518
2486
836
4253
13572
10804
2817
14018
8414
9380
14422
8596
12625
10392
5860
846
14335
12385
14333
1093
2061
4134
3981
6573
11193
11467
4268
2948
2833
13981
3020
13061
11170
5167
12574
1845
14274
9114
1386
478
1066
14445
4087
2550
4374
1705
5364
10128
11321
13900
2075
8223
2830
1333
13846
7220
13854
11346
14880
9362
4896
10919
3963
12416
3623
10511
10591
1081
12818
10804
12822
14691
7557
344
6837
8134
5370
1348
9318
6825
8267
13172
1550
10892
4772
13154
3738
8587
13688
12720
14268
14183
9028
12804
6615
6412
12545
6716
1348
9696
11444
10721
7049
12138
9309
2602
12145
6381
2862
6534
9472
12107
6036
13577
12022
7011
5896
11051
6546
1685
12240
10983
1773
7867
14175
12737
9688
4023
2718
7765
1790
12207
13395
293
7414
5594
1953
11520
13081
6964
9693
6724
10480
14848
12523
9361
10963
5851
9619
9005
1533
4007
3652
607
1030
10813
4742
1232
725
7836
14813
7040
5729
2506
2666
7855
12529
11938
13034
9224
3642
14229
14973
2394
12690
1879
1304
1128
12306
2510
6382
727
3064
8207
9239
14066
14159
11262
8151
1855
764
1174
5910
9677
13969
5204
2487
7729
11879
2713
3474
10453
9811
11976
13508
12547
13682
6983
9031
73
8450
1134
4017
5605
3080
9546
10832
14507
9714
11951
6140
5612
7748
13971
8769
8673
8197
10721
2570
13048
5170
8440
12782
2115
4383
11986
8981
10978
13553
13649
11581
5964
6023
11882
1863
13412
7326
7070
7856
2169
4372
5526
14820
14092
3689
12393
9859
9751
3608
4133
10097
7335
10428
1679
8011
6575
5530
1302
5882
1293
8960
11566
13953
3877
5384
6643
13631
7753
325
8555
3172
4554
13382
13687
3475
11354
10586
2215
11121
14962
287
12762
14463
14829
854
8839
6472
13704
14126
13263
5182
5664
5906
11875
8916
9677
13881
13507
4022
8272
4103
9185
7657
10352
4756
10104
12121
14568
80
945
5500
10044
13347
7520
766
9566
10420
741
7191
6675
14808
7279
3764
12355
6277
6168
14404
14256
2858
4981
9091
11600
5666
3994
3537
12106
7216
12063
2806
8405
1873
13695
1210
535
1805
2999
12047
8199
3220
11929
1121
6508
10804
7366
12604
1979
13131
4237
9669
6511
3412
14956
5366
11059
8223
4051
1481
7637
11886
10877
14664
3174
5889
12810
4760
6627
11213
11319
5288
1582
1574
8731
101
368
2497
4422
3696
7515
9735
570
10173
80
10900
4425
7712
5115
11167
11398
11426
5213
12737
11038
7719
6714
3187
11236
7728
1776
5046
14716
11142
10092
7877
1072
9564
8606
14745
12261
10732
13072
2357
4603
11235
3826
13196
952
5948
9578
8794
12733
2168
2471
5783
13126
10440
35
624
4649
7278
5059
14829
1885
12434
7712
5197
8034
5002
5563
7952
7389
8534
6405
6797
14721
10435
11068
7696
1891
10214
13557
7782
6849
14694
14088
7023
459
1042
6703
9271
7327
437
12284
9020
8077
6398
14852
6628
12168
2170
9106
2888
7541
6226
5180
8684
11002
3755
7570
7077
1348
10086
14159
3417
5822
9269
13199
14137
4504
2543
985
6570
1775
12119
5850
5640
8938
10668
14928
3393
7557
11050
8932
14253
3954
9168
11985
2505
11719
478
13265
3802
5907
12441
9944
4569
9943
1270
11573
1929
9029
1567
14734
7253
12096
6890
13351
8660
13103
13021
9693
6688
6624
8560
3611
3003
2402
14635
3099
4401
13589
11840
7748
13381
9089
8078
13123
2415
1409
5771
8530
11522
8007
5893
8033
3001
1120
14499
4938
8128
8536
14866
3308
3289
5698
5014
11380
12416
7972
11241
11005
8699
10770
13418
9504
1371
14578
2077
5516
2915
1757
877
3611
3303
7274
767
13580
10861
11273
4146
4424
14052
2631
3488
5175
4899
14322
9330
9692
7911
13601
12122
653
8203
2614
1288
8890
9138
3183
2924
3249
3040
13052
14811
13004
13617
14935
13948
14831
5406
9205
2502
9149
4032
6043
3035
6509
11251
13315
12995
13512
5618
7349
1864
4477
3234
5161
6916
9876
13363
8557
368
5210
746
7822
6748
14711
211
5516
4517
7890
4648
4161
5490
3578
9643
5290
9264
5670
6955
6587
7768
7357
9700
13435
7180
6158
14413
6394
10806
519
14297
1669
7045
5248
8700
12745
6399
2467
6426
7871
10426
7146
9704
5106
13796
6671
11566
14093
3029
7234
7103
1694
7145
1101
13415
2012
6341
8142
9203
230
9899
2203
7772
4014
13839
8128
11754
1086
2348
13418
14147
1838
14808
9663
8204
11603
12153
2983
3468
8468
12525
9829
1615
9156
11568
14514
3945
12703
7350
12899
12197
9278
13722
2619
5950
9588
9000
4228
3174
13886
14134
9534
10492
13641
11024
8322
11461
8428
12355
12524
14638
568
14275
12702
8345
516
7385
5561
958
11876
9879
7942
9152
6331
14280
12502
1838
601
1011
8000
9612
14891
3090
2784
13259
5052
11472
8711
5378
8954
10032
14371
1365
11278
2874
11053
9925
5149
14557
12445
8929
8678
940
14590
4783
4619
4710
6108
12542
11949
203
10164
14833
4247
11923
4058
10120
6288
136
4759
10115
12268
5174
9022
12071
1557
4482
10113
14372
829
3124
14409
3213
9814
14317
5483
9298
1806
1673
455
6272
4427
4124
8662
7192
932
8055
5835
6564
12673
8895
3132
8498
9048
11403
9508
11194
2529
4061
12964
14435
3035
8409
6275
9859
8075
13745
5848
13684
2741
11505
3301
13100
11700
1649
13365
856
13944
702
13605
2594
5039
2573
6371
13187
6187
8993
6250
6818
9331
11369
12123
10695
8017
9980
1743
9182
4624
4838
3511
13751
952
114
9880
14468
6021
10852
9517
785
2234
11712
6039
3169
3883
7741
14778
2586
10166
6646
10663
2057
13697
10700
14866
8419
14603
9362
10436
8083
5020
766
12662
7914
8905
1625
3383
1444
7695
622
14945
1452
3400
5150
3913
2398
7272
5278
2062
10507
14178
2011
12525
10183
10309
4377
12307
3157
4764
6494
3699
11118
4001
6687
6373
13733
1991
5781
4196
6728
3303
11026
6006
4321
11116
633
7775
1487
7499
6666
14723
9582
4005
5961
1073
13514
6887
14990
12223
94
2927
9941
4141
10316
4015
7925
2859
13203
1284
14087
2877
5410
2663
7425
12291
9075
6322
10414
14369
431
11488
14050
5193
8427
12636
10608
4872
1040
8029
1391
632
7152
4029
5853
13931
8747
7501
6896
5493
6791
10036
9711
1895
14476
9554
8346
5079
8585
7161
10217
6804
8458
4948
14039
13730
2556
13648
6086
415
9806
2809
3433
12120
1837
10339
5675
6849
2848
12915
3789
6574
11223
13927
6127
1111
1066
11178
7090
14533
2645
2663
3823
8475
13227
10279
5259
9050
4043
13324
1062
4487
5049
1115
5459
8921
6845
12010
7606
14074
13485
14515
10995
9836
1024
64
9517
2009
4480
1383
2106
10660
439
10184
1404
5735
13768
13228
14661
2723
14934
11531
2017
5272
4071
13744
13549
3739
4406
1397
6814
3736
775
5888
11285
11719
3803
9730
14917
687
6934
7626
1101
13008
11769
1592
1609
9314
12178
13294
12567
2311
4413
11344
11266
2209
8878
6245
1508
6328
4391
6114
9386
4211
7657
2234
9738
1378
4294
14882
6112
14580
3069
1696
13910
9120
12035
13204
7396
14494
9065
2882
11483
13255
9711
2415
13728
4605
2561
6511
10604
3820
11157
5850
5050
6163
7207
6391
14421
9452
2145
8402
4286
7953
13205
9177
4112
11735
954
4468
623
10024
2744
10211
3645
14519
774
8104
12452
3988
9422
6122
13065
4801
9152
2927
3626
3347
8714
8619
5817
10575
13452
8095
421
1127
10351
12666
9393
14742
5042
5408
10376
5796
7180
10966
7327
12975
3673
1349
7887
10220
8865
437
4318
12137
12263
6613
238
7146
2494
5131
4
9644
1049
4437
11440
3467
960
8747
10666
12881
8832
12802
5058
4263
13682
8705
11892
11548
2766
4291
10905
1353
3018
2440
8977
14554
11917
6182
4276
4874
13458
5370
10582
11831
3548
2077
5107
10115
4435
8701
14935
10193
9857
10124
13224
5609
1347
14014
1599
11099
11614
11646
14575
12237
13124
328
591
11961
3932
7729
12106
11820
8439
13042
14356
11350
13126
5082
8676
2470
6389
12976
6912
2226
2373
6228
8165
1676
11257
12415
13155
1071
12643
7833
14684
1881
4667
8857
5127
14533
4120
14727
13528
7042
2252
10895
10760
13970
7061
5939
11284
12426
5648
4409
9384
6987
9831
2786
6242
3627
14418
11014
2016
13875
5556
2844
4008
9558
11255
4433
13218
533
7630
12343
1986
7915
2522
9248
10038
3278
13021
8303
5104
10352
5009
5189
12327
9641
1108
10474
3972
13371
8463
13914
12446
3031
14498
11872
339
14666
7252
13958
1152
12891
12059
495
3528
13425
3246
8276
10173
699
13106
8497
238
6826
5750
2576
10774
963
5479
8906
8864
13734
13085
1368
6317
10058
8968
8682
3252
10336
9161
12419
611
4530
14294
668
4521
11218
12117
9034
7565
9254
1629
10758
13366
8121
5882
13368
1431
4546
6346
327
14003
7379
9243
2681
10664
5110
8480
2735
14632
5790
756
4231
7166
2447
11117
6472
3100
3393
6591
13243
11459
6082
1661
1241
145
5434
2160
2124
13043
2746
3708
7041
6384
14478
2097
7868
13987
1372
10981
63
2944
2446
11960
3332
12515
5535
3554
12956
4391
6048
13709
11814
2125
13696
10315
763
1354
12873
10836
13122
5509
1387
5393
12605
8997
14131
12708
3061
1308
8194
10
12895
6255
3785
6481
2026
10476
6163
4976
4666
4461
7577
13661
7137
12788
10005
7784
1306
7792
4189
2169
6088
12752
8216
7029
11762
6666
9537
13480
9661
7972
2984
614
13027
14009
13951
13193
3574
6727
504
7951
7462
8033
5718
12113
9101
5301
7076
131
11261
8927
3260
3680
10653
4328
101
5771
4126
10627
6919
2354
7244
12201
11845
4006
8949
2547
10112
6268
13535
2300
2610
14841
9076
4942
3343
11269
4883
4582
13649
5828
14435
292
13323
12161
14579
5803
13983
2778
6622
6869
13188
5753
10218
11401
13969
985
6718
4381
8570
14054
4864
10817
2239
12156
3421
10351
8010
14696
7473
11784
1398
1039
7792
9633
9959
14428
5725
12856
1584
9437
9671
13217
7370
10279
13226
12208
14771
4094
4580
1215
14619
6714
6751
4487
1435
8653
8658
3705
5255
5889
2957
11233
9953
3664
12955
6807
12825
11832
2759
14159
2850
12337
12127
5164
5774
3152
304
9303
2782
13535
6350
719
6151
12601
2215
13843
9852
2188
14006
6444
10639
5593
6545
11098
658
11123
1458
12427
11140
3513
14635
2981
8163
1999
14962
10462
10914
1408
2783
12953
289
1832
8528
12051
11017
13392
9444
6236
13834
10315
5300
13463
5546
12870
2355
12825
14089
1898
3741
263
12915
3408
3802
7563
4284
5348
3703
12452
9177
9843
10947
5326
12723
7244
6181
10129
8135
7974
1893
8074
9237
14635
9307
3320
11725
9924
6937
14313
1317
816
11899
13386
7937
1008
3180
5229
9062
1939
9621
7149
2250
12706
9437
5537
11801
5928
2560
8653
12347
5070
12124
5815
8014
13902
6785
12199
4590
662
1561
1846
3924
13091
6185
14070
9505
864
11870
5255
4882
8936
9665
4082
12283
14145
1405
3456
12411
12851
7480
1879
13029
4622
14396
706
3535
5869
14294
1617
10261
8018
3240
5769
7769
7112
255
7434
9912
5844
14627
483
10871
4831
10147
872
818
7399
6423
2260
3257
6457
9437
141
6448
12926
6013
7277
14670
2889
4760
14885
11365
25
4517
9915
10497
5976
168
3843
14677
4142
5076
12691
8846
6926
14185
6572
1453
7745
2135
4736
1246
7075
11491
9123
1871
1512
2414
10581
13609
6267
11786
7319
6579
14628
6989
14790
2811
2786
12136
55
5530
5030
12679
6705
8018
2555
7880
8751
1267
14191
4663
3336
4627
9083
10883
12879
1424
4773
6015
2183
7446
14362
12710
10198
13927
3257
13592
14495
13480
14678
9024
9117
12145
3371
13456
3266
8444
4061
10262
4328
5990
4921
2763
3983
9883
6826
12411
5612
13701
11354
8803
4906
3504
4432
10422
13476
2824
8148
9628
7407
8108
5617
5595
4014
7624
7870
9448
648
13231
2521
6970
4155
3922
11487
730
8617
2368
9273
554
12190
11118
9274
13680
11317
8411
8241
13920
2242
9874
13408
7548
10611
1649
7931
2512
68
2727
13085
6939
5024
14485
223
7692
11358
8608
1757
5053
1509
10700
13433
5348
7421
11028
4818
14552
973
926
11407
7628
11926
3416
9838
5481
3074
9668
7601
9090
6080
8861
5183
13421
4581
13015
1887
2348
3415
254
6607
14820
14305
14895
11519
7007
4077
10575
160
10178
6407
13520
6499
14449
7265
6819
3499
9513
7576
3358
13299
9787
9232
4811
1443
8312
7386
11784
9649
11033
7997
5903
10365
874
14839
8264
1858
9299
9663
303
4752
6753
2875
7701
4895
12586
5008
527
13036
14720
11387
3304
9175
9459
8735
12219
3520
7426
8005
13113
6776
2694
2547
3350
10007
8718
9677
3047
3557
11670
1942
11515
5451
9263
11843
8091
7377
6095
5378
7856
10742
4946
10700
11999
1395
7360
8223
9826
14446
11190
2864
4632
5152
12576
12622
8818
3100
10169
429
9804
14915
115
13207
2382
403
1568
13228
252
8483
9204
2284
4541
2382
1334
13805
10107
8430
4886
11902
1448
14387
1609
9371
8982
6495
8403
3970
3378
9498
13768
3798
5557
5585
1806
8304
2799
6673
5248
11395
12266
4608
4367
12276
12030
5758
9606
3018
1477
10096
2078
9450
12713
155
2987
13779
2266
12339
315
3371
13116
6782
13927
385
10675
2489
8466
6401
7997
11631
7197
14889
5061
5853
9083
2258
14530
3032
1097
5363
1912
5336
12869
9660
1542
13459
11393
12801
1255
7754
4558
13221
13060
4462
3842
7245
4520
14480
8489
11517
10899
3079
10965
4934
6486
6629
11451
951
14804
1795
2526
2000
1678
13765
9084
2840
12387
7914
2881
13982
4336
8829
10914
4864
14846
1914
7145
4184
9831
5755
7818
6787
8228
3134
1850
12670
9142
5005
14487
4095
3718
9882
9537
6400
6771
5955
3190
1961
4208
4799
5455
9807
11215
8887
13895
5680
8140
10077
8309
13822
865
8020
9566
12491
10366
864
5742
5148
6955
10808
9180
3418
8532
13948
8974
11278
8934
2471
14791
12553
12212
12563
9787
573
1372
3472
2675
9919
10810
1899
6805
5389
10289
11399
12393
12821
9965
8663
1715
65
5508
12475
11311
4338
9952
6782
4908
14270
4417
11664
10882
6353
13333
10082
3689
6004
6261
4066
14776
13285
2848
1528
4
12283
14818
9100
12629
6408
14301
2388
3368
4263
6113
7655
12004
2428
12922
3379
3426
2359
1497
1204
14846
3702
5466
8663
10323
5617
5259
10570
13508
6272
14037
12260
14836
13371
4605
830
10146
592
6385
239
8922
963
8641
7556
7049
8625
1171
758
1152
61
1736
8372
9202
9695
454
12806
10178
2838
5376
2525
9152
1249
5376
8231
8193
13044
11377
14953
2985
9444
14820
10392
60
760
3099
48
14955
3190
510
1532
7535
1346
4
14096
7104
14073
5814
14708
1778
2867
4699
9092
3901
3295
9248
4861
11086
5023
5334
14407
727
10540
7412
12377
4520
6366
9958
6512
8767
13415
10874
11228
10874
10321
3234
739
7594
9877
10228
7519
6160
9297
4599
2775
539
14784
3342
13050
6548
14908
5776
1365
11621
10483
13526
2217
12437
11096
4228
7443
1621
88
2123
9355
8100
10657
7946
13639
14594
841
2771
2351
84
9477
10683
6896
14886
13718
13324
12121
6292
11486
505
5652
3453
9176
10194
11302
1438
1113
8285
6799
1064
2699
3586
14224
8307
13768
11505
1394
14663
12541
10897
4031
3002
8632
7492
11823
1978
10815
9259
1516
11112
1782
3956
1901
3176
12842
6976
9025
10482
6419
8452
10102
12109
3402
2355
1517
10031
5741
12140
4904
3488
2292
7174
5614
2780
7726
11959
14945
11009
5342
779
11237
5043
9863
14089
10472
5277
5799
14566
4164
7457
5594
10320
6287
14050
4723
10334
6608
12283
3013
12704
5155
1139
12795
14763
1635
5162
79
10607
4394
14013
4700
1006
11045
13265
14393
3032
7114
3908
983
2151
14
518
14291
7831
13306
1019
6023
30
5628
14324
6801
13193
14760
11067
14537
6653
5117
11987
1735
5503
6528
8301
2762
9224
3400
13757
9937
1465
1377
13754
4218
8520
13266
3182
12471
1104
7474
11306
13706
9107
10291
4200
6279
7010
8247
12851
6936
3647
8328
3160
10574
3958
2147
2651
6952
12295
159
2702
12011
6765
13773
4663
12239
1922
6640
3171
10403
3007
6574
10410
10176
8673
1456
11022
510
10976
6094
3697
3238
11094
7289
12370
14184
11983
11477
7242
9086
4838
3016
3643
5892
14891
11695
5015
14466
13676
5271
10004
13397
4491
6705
2859
1556
332
1454
10993
9120
9099
12520
13690
4167
4370
27
11552
1472
1487
2893
12339
4952
13141
2701
5389
4165
11027
14075
13846
13525
5524
6835
1341
5298
3663
12884
12767
9136
11977
149
2191
11731
5086
2025
4790
5319
8114
3587
9113
8034
1232
389
733
2650
2837
11921
8671
3032
8971
4798
6728
4521
10748
432
8073
10731
8615
13395
8148
4593
7338
4764
8099
11137
3611
14671
13582
8315
14210
14787
1891
267
11534
14815
8925
4673
327
12058
1544
2362
4273
14866
5386
3062
9020
4223
8170
11085
14001
2891
8976
13946
9275
3449
9885
10234
10323
129
12777
5691
8523
4722
5882
3242
12715
8840
12064
8742
7943
8607
13545
14498
6127
13313
1076
2028
15
1804
4268
14262
11361
9244
3994
267
1827
7596
2431
7698
5618
10459
1456
14553
1380
7024
701
7311
7307
688
7634
12394
12878
376
8597
1807
13008
11863
1707
7096
5769
2343
14
8162
3204
4146
6284
5140
1006
7915
9116
12416
12150
6653
9076
8967
1801
14868
12800
13483
5999
6607
12885
6315
14851
12430
6666
12988
7064
8348
7716
1012
1787
14462
10161
7926
5831
12457
7567
8873
9343
9248
10342
1661
1096
13924
13212
6113
10489
1729
7441
7532
2347
2097
6030
1425
12529
12782
14164
8120
12254
8868
6695
1613
1901
8866
14407
1931
10911
311
11275
4456
4185
9140
10820
3022
12171
10738
11060
6180
1558
5888
9408
12868
11219
6885
6170
14711
8699
12840
3106
2474
6240
8705
1758
3601
11878
4726
4991
6523
10813
6962
9356
273
4739
10160
5595
84
7391
1608
4687
11012
13019
8690
2480
12151
6001
8653
6990
13818
4189
6600
14013
4057
1023
6988
13671
14061
1779
9812
8032
4519
12678
10386
7837
11560
7871
5969
9830
6857
13590
3631
5027
1506
1011
11550
12643
7660
9549
10508
4190
377
10537
3592
7571
14924
7336
10102
11724
1741
2069
9373
3627
7437
11251
6630
11138
10616
2647
1139
2334
10952
13686
6774
9631
8763
12786
11710
61
10406
8888
7215
11671
7093
6415
5572
5032
6226
2783
8855
13355
68
8472
3771
14689
1497
10455
2918
10128
762
3636
4720
7843
10513
6689
12913
14167
8980
3444
11745
9796
2999
8671
10166
6478
8582
2795
1968
7375
2018
8725
4390
7524
3921
10582
4861
4543
2355
3716
14493
3945
4053
12947
12567
3050
9893
11474
3621
12669
2102
1413
2823
11272
11265
13371
1110
12477
951
6877
14074
8203
1808
5926
7845
1836
5158
9221
6122
3267
8598
3048
5227
10548
7735
1034
8401
6387
4083
14289
1708
1533
4215
7685
11708
11492
14612
13242
9624
7801
10140
4752
7994
10406
11867
3937
13772
13419
1884
7546
1543
12784
3984
11870
11963
6036
4458
11235
13631
6552
11893
10024
1507
2272
13698
3798
1518
7012
10147
4019
14345
1030
13998
7829
6338
1562
5276
9240
7294
3543
11475
5910
8249
5707
8435
1592
2621
2705
6233
13071
5927
14792
7879
2224
7911
13008
11119
8571
1234
14651
5540
10366
12940
6130
3127
13005
8662
8095
5733
12133
5023
10997
12351
467
2889
2931
12774
11937
8049
10863
2146
14291
6534
932
8021
6853
4165
8726
7880
3584
13953
963
642
8083
5834
6138
459
11580
5668
3178
10110
7374
9720
4211
9498
534
11763
4975
7221
19
2618
4387
9813
11669
6344
13157
9154
14809
13399
5272
8618
12415
3899
10457
2851
57
13686
10602
9597
1937
12144
13388
4748
3568
13709
7133
13739
4696
9706
2077
13631
8171
13579
10039
10593
5550
716
1540
7144
3188
13922
7102
7350
3623
7177
12559
1228
5962
8613
11763
11899
5955
13662
4112
520
6309
6041
3850
9760
10666
2718
3031
1487
5524
9159
5526
8548
3142
13043
5322
3819
10304
8255
3777
2371
7479
6279
7333
4362
10714
14165
4495
12307
14187
7016
8706
11630
5066
13404
11965
2878
13896
9351
7789
2641
3328
416
1311
3153
10569
2074
13946
2646
4443
5921
221
14903
11452
3344
14950
6990
6671
14055
9991
13941
9773
14425
6394
8165
8826
9790
9717
9567
9930
833
13795
4803
9037
11835
6174
10753
13659
12981
11832
8161
11389
9984
5710
6490
9439
7165
8903
5358
9586
14630
13197
11428
11118
11471
13927
7404
10484
9907
1859
6729
516
9956
11083
13785
14130
10681
11524
14778
7497
2179
11913
14147
5682
7335
11628
10148
9754
8940
2976
1341
3311
6097
9002
2988
13308
8796
986
3867
14977
1341
14280
4718
3464
3705
11117
14491
691
5098
9463
9698
14714
10897
2909
10563
632
7732
2962
10260
1855
6787
6962
10307
8243
2502
7170
6270
8285
2544
4340
8121
11182
468
2379
4109
6253
14643
4386
10660
11736
10963
14593
3736
2541
12496
5365
9224
7088
11587
3555
6225
1833
3994
1133
12736
3535
10451
11033
2936
8764
3558
5752
14333
7548
7120
3190
1224
13393
6037
11745
8352
290
7483
14581
10328
13597
3537
11422
13224
10951
11506
5101
4855
11642
11029
4450
14582
3041
1591
14922
6997
907
10324
8628
1576
11493
7998
6255
12402
7527
10745
4510
3195
12213
1547
14470
13331
439
8602
3354
5125
14437
12573
4895
1523
12081
6299
11542
6395
21
8829
5354
1897
5740
664
13429
13876
12535
13830
8249
12023
4297
3846
8298
1376
12778
5828
9737
10985
8859
13864
5849
13874
6092
11392
2335
10059
4533
5650
8414
1181
5595
1313
10974
1348
9330
2180
11824
4026
14190
10293
11353
9280
5946
4023
620
14375
1999
5630
8112
3620
4926
9405
7033
5492
9560
8874
14167
6400
11444
632
6920
1022
940
3155
6233
8917
1699
1451
14594
11129
9607
2666
10378
8703
3679
13691
7228
12467
13707
4491
10131
121
5785
5285
3255
2496
1092
11774
3486
10985
5556
5501
7979
12441
13246
5909
13832
11356
4500
6974
8290
11911
5958
4252
13641
4427
13774
7884
7200
1954
13377
13536
8454
13133
4202
6362
2618
12079
10816
7980
7486
9903
7893
2974
13544
5519
419
4792
904
5693
12437
10861
5634
767
7578
13534
7587
8219
12434
1884
6793
1162
9708
14570
5922
13023
1860
5863
2255
3042
2748
5551
13956
14791
9495
13743
12319
11760
9529
8664
3953
63
13433
14282
9679
13570
2857
10094
163
6249
9403
2604
12024
5177
4944
1938
7372
5591
1403
12701
14363
6469
13559
507
6533
6482
1895
4724
14226
709
9017
8751
2538
3294
12554
11659
11711
5223
14875
14272
7943
9612
5318
8717
5025
14343
8957
13119
196
8527
2237
7543
5982
10156
10088
8361
13697
2402
11362
11070
13624
317
9644
11125
6713
3243
14679
8612
7907
962
5796
580
2001
3600
12821
14541
14125
6497
12073
13079
13656
1624
69
7634
7525
6793
5608
9414
11522
7715
1877
6922
1277
11056
9192
12921
13210
8880
10920
13652
4736
11410
10005
9866
7537
5727
6416
2672
7700
2964
6646
7370
1939
738
5209
362
60
889
14839
2791
10176
226
6868
4923
10068
13787
921
12321
10379
6120
13794
3624
13120
11383
999
10228
12249
7497
11078
360
1761
3296
12390
8984
977
494
4612
581
1337
4451
12715
4227
9169
9023
9697
9467
14475
11378
766
7276
1870
7416
6145
12907
1335
12439
2026
1673
13458
9932
14611
4647
6303
13764
452
8950
4000
10751
2675
6676
5570
6417
1896
2605
1351
1876
7888
3711
13779
14064
3293
12981
4074
85
13810
1350
1666
4186
5476
4534
8981
2840
3757
1245
5389
4601
1239
10687
5855
6808
5784
5386
1969
5829
9033
10249
10662
1387
6115
333
14039
13570
1398
8103
2307
3398
2046
10972
10816
4334
1017
6632
6756
7839
4055
2170
1000
5990
6001
8102
6063
3367
10610
10373
12018
3765
9787
11957
13632
9885
12931
6031
13806
5974
9762
4754
748
9414
698
11407
14059
7499
7489
4190
8216
5130
3445
12122
626
12806
7150
12442
632
12240
11150
14538
10506
14018
7586
7789
14628
13073
11257
4791
8594
3324
2051
2217
1125
2565
8119
4093
13143
12757
3541
1492
10412
14020
14632
13620
8607
13111
12343
7898
7616
3812
9532
6094
307
2521
11148
14610
4855
2428
7609
4884
14092
4001
1869
4424
148
12991
3843
10221
12950
9946
12022
14303
11890
12190
6194
879
6227
5388
2308
948
6433
7249
552
3385
910
10531
738
11372
103
1345
10088
14627
3139
11842
12460
11179
5704
8623
10005
2430
11898
14722
8121
2025
7311
8725
2436
2446
10557
4540
12419
13466
918
4458
4975
3453
10701
11555
3189
8157
7248
5037
10107
6893
11436
13999
10160
13134
11784
1023
6511
5247
11098
2361
11252
13615
827
879
7000
2581
2046
6625
8024
4564
11142
7799
1578
9360
2991
12026
5660
13963
9501
14184
12879
7361
7019
7561
1601
5516
7176
4961
14961
4283
12256
10314
702
7245
8206
9604
5228
1385
5868
2353
3525
6201
8969
6540
12951
1254
799
5739
8159
8241
403
12326
11648
6528
3469
14916
9661
5601
2898
1760
6316
9180
4335
4510
13
3718
2702
13817
264
3689
12009
9320
5202
7528
7369
7073
36
1192
5378
7022
4800
6184
6580
7012
10674
10463
11890
12870
3164
13939
3388
11370
7325
303
13951
4411
125
3629
14686
8425
7916
11680
4114
3006
2789
7990
3479
1872
427
6708
3500
12668
13822
7768
9239
14701
6967
5317
11618
509
10339
9335
11435
3213
689
14184
9536
1812
6268
13278
10014
6098
10264
6283
7080
1513
9806
14178
415
2201
415
3131
8483
12616
6352
10534
4417
4404
5765
575
14692
10824
11015
7565
6873
5762
8989
7717
4242
3400
13595
14334
12152
12790
3017
7299
3394
4055
2632
10426
2834
14574
5785
9656
14973
4375
3920
11131
6978
10087
9774
1069
14074
6065
12577
3860
4010
9876
2349
11102
12591
2052
1578
12249
3052
7012
1623
2277
3233
8204
13334
8168
1245
5968
11360
9163
2474
11206
14723
10604
13367
6813
12150
12729
10614
1869
9668
9129
7819
10888
4865
14541
10887
11895
7144
13417
7776
12856
6127
14155
13299
875
1242
9030
5070
7780
4298
1786
2626
14050
3643
8428
13107
643
8230
7093
13767
119
7639
14932
3875
9439
9770
8679
6368
2105
6569
6094
2868
11764
14779
7637
9418
13071
13281
1689
4457
13540
1139
2231
5240
7206
1006
300
4043
2282
11014
9564
1064
560
4754
7209
12038
1059
3357
13803
5109
14461
11110
5053
8478
8054
11391
9325
2880
13375
3040
7467
10837
367
13596
10850
3074
12760
5100
9677
11351
4479
10406
11415
1326
1171
8141
13755
8894
14510
7649
7782
13684
14651
1402
10004
4239
8190
1450
6604
5531
188
13610
9687
11244
14181
3109
3453
10366
8766
8442
3061
5276
8170
11189
5547
1638
2275
8491
5443
3935
3863
6823
7762
14565
2324
595
12753
13889
3807
6971
267
13619
7724
4150
6768
1369
3665
4132
14884
10110
11171
12786
4040
2640
7379
14762
10997
8057
14409
3517
11203
14503
14338
12377
5614
5279
4895
1242
8116
13644
3479
5108
907
10383
10745
10223
9080
7374
2971
11188
1338
10092
9494
2895
1076
7086
7865
4625
11192
5089
9939
10149
11746
14473
6884
12053
12123
11314
98
941
8584
9324
8248
5514
14039
2398
13062
7867
9545
6454
3183
4657
6428
12668
11259
14050
9040
13079
4517
10609
958
8902
13425
5491
2039
6688
1521
12506
14937
12774
7289
11725
2733
12225
5890
11445
13988
14667
4765
6426
2981
1148
7525
10325
1009
3292
168
8318
14503
13655
7505
11861
7275
4296
739
6521
12530
9147
14419
10729
258
9786
2501
13197
7388
3747
13942
14622
11518
14465
13224
10125
9212
7402
322
12682
11744
2800
3035
9565
14775
11917
12176
8578
8788
5418
11931
3544
14129
14945
13736
14219
8290
1651
2245
14428
3539
8761
6471
8840
5216
3929
7824
13400
9912
1376
9711
6963
13422
3437
10461
2222
689
6289
2699
7490
9058
231
12846
2393
6925
951
14201
4901
12427
14754
1069
14587
11000
7742
9599
7321
11621
11405
3458
14970
9206
5012
9098
9950
5032
13638
6263
13797
3145
9511
4466
11094
8572
3736
485
10383
7667
255
10451
11797
12205
14214
2857
12338
1824
2635
5776
3831
9108
11536
2769
5669
8025
10341
2371
14514
14578
1562
656
6143
8390
11392
5240
10634
10502
9931
7130
11012
10991
13345
4115
7450
9991
14296
10884
3977
12466
11483
6799
12529
5520
14108
2141
5022
12201
12545
7858
7908
2653
7366
7176
10472
12064
5303
47
12838
207
7537
3203
2410
14391
13050
4646
3090
6430
12561
6621
320
4696
6801
10588
6582
4547
6643
1438
11569
14321
1770
1037
8822
9751
4241
8366
11116
1984
3432
9829
10403
3492
14461
13884
9550
1946
13224
3914
12560
14637
2773
7285
2347
263
7699
6706
10522
5862
5739
2499
1949
9328
3688
10999
3169
7345
3188
198
13047
4683
10781
13841
1222
13617
11017
14479
10190
6799
6183
14532
4983
3144
6553
7149
10587
9305
10757
634
1353
9000
7165
11377
8718
13869
3805
10652
3638
7700
11551
10254
8137
697
2913
5793
11374
12050
11890
9536
14582
12378
8891
6946
11186
7592
3787
12590
8261
7517
14646
11790
8410
5990
14703
14329
6934
14397
10527
5688
7985
12445
10296
14658
5177
8605
12453
8756
1852
7978
6857
10708
13921
7373
7896
268
8868
6178
1779
5895
8167
7060
3508
305
6968
7739
12742
2560
14481
9022
1967
7288
6083
9890
10042
8749
3637
7817
9337
3801
4052
6559
10254
3374
7547
14464
13019
6862
6522
8846
3158
2814
13328
11224
9074
7544
10598
14160
2619
713
1145
8111
11511
8583
5715
6101
5841
6515
1185
109
9812
12403
4001
10933
9192
7001
3900
2794
9787
10680
11109
234
7532
8865
11373
2845
11542
376
2281
3058
12712
9109
11443
8640
7126
9864
2122
14712
10706
13768
4948
14915
9181
2584
10344
12977
5528
4261
10219
14195
5625
9345
14473
6366
1891
9387
2681
11464
9197
4201
4259
12758
7285
9740
6200
2291
14425
2544
11295
5499
2898
5073
1530
13362
8308
8814
6075
2811
1579
8902
10996
8162
4784
14985
13516
100
14769
8344
2271
4243
1790
14721
1651
3491
9077
6008
7875
2306
3474
1866
2026
6698
11946
9431
5773
6061
13861
656
9024
12058
4594
2356
10178
10585
2036
13821
4117
5319
9143
10877
438
5625
7659
3459
4803
7522
647
6221
9640
14086
4358
8361
11702
1076
13438
4700
8276
9643
12315
10164
1085
10847
4967
9112
2116
11215
10107
4500
8807
9875
4088
9610
2148
10751
9604
2036
10404
13034
9470
10828
8205
9544
1489
3063
10848
5746
7544
10783
1654
7047
7700
8031
11204
3572
3208
10829
6274
14899
861
10181
3182
2287
5190
4702
10174
7618
9509
10192
11341
1759
1771
3414
10396
10201
11670
6466
11429
5741
11298
6547
10560
1560
3099
8485
7111
8398
10661
14204
674
6547
241
4370
11082
12181
13691
12652
11985
2999
11718
12557
10308
5360
5128
5440
13483
9041
904
6232
13889
11331
9629
511
5441
14603
899
12939
803
10520
8971
2586
9102
9866
6954
5502
8508
4489
9402
3853
389
7098
10160
14174
7162
564
9807
14736
4257
1109
14960
8655
2951
14093
143
267
62
12269
6789
2386
7777
9166
3300
11343
12060
14827
4906
10281
11292
2388
12354
8893
12920
6970
9221
4775
5035
3041
8859
7739
6855
2862
13679
3868
7162
6730
11648
664
2761
615
7507
8550
10013
8358
4298
11980
11466
13899
9390
5760
1519
3999
13206
3613
9978
3680
3368
1797
5193
38
11961
5487
14341
272
9039
9805
12191
6641
6442
5734
1473
4693
12344
8777
12712
11414
13817
10004
9108
12018
12021
181
7701
7828
12397
7906
11720
8218
5525
7159
5638
6762
3010
8359
14028
5673
11966
14910
12870
8239
11335
9371
12486
6345
8386
4689
14771
4210
14383
11538
3848
10316
4426
12555
8693
11963
3057
8274
13698
11162
4195
12786
3474
6509
6464
9565
1561
13363
12895
14597
8995
14022
12434
9761
12964
5737
9521
14579
13026
2184
7411
8691
7568
8596
5677
6000
6365
2016
2654
4132
11249
1089
14334
9875
1011
14547
7435
12392
13739
3955
11082
6458
4867
9390
3675
12559
12203
11650
4182
9557
10226
11092
10173
13673
4879
11557
3477
4824
12026
2820
13406
12857
12637
1740
11976
1923
624
10748
10536
6188
95
12477
2664
4227
12593
1218
9097
7819
6654
5515
11848
3450
11775
6517
11517
6658
6569
8768
4102
5364
6591
13869
1436
3600
10938
7934
7609
6499
3363
10971
12468
6108
13224
5225
2473
10487
14129
172
3878
10672
13682
14202
8294
11448
11208
7126
6334
7405
1806
3400
11081
10565
9505
8518
14672
14830
4684
228
3295
763
11310
7190
8364
6608
12857
359
9595
8132
2076
6778
4114
756
4082
6560
4588
12501
9430
1674
3774
623
4093
14692
7635
8320
1412
11922
4507
5646
7250
8334
13545
5743
3688
1381
1884
13676
3689
12257
6685
574
9226
1246
10346
392
3344
3703
9841
5468
7696
14764
9217
83
10964
9185
2865
13551
577
2735
11204
10826
14996
13278
14945
9353
6717
13151
4059
5835
11960
14615
8025
10705
6857
12035
14846
6516
1669
13049
12707
9013
4346
11350
9991
11491
12441
693
6688
9049
8054
13551
8049
14631
9155
3316
4530
13170
2227
1118
5878
3877
5777
12297
6336
8609
1784
8171
12642
1355
2732
11107
11632
5255
10289
0
9834
14098
3237
4030
8522
10054
1613
10099
4257
8363
6471
3596
1905
7951
5014
13047
14636
9355
14192
11936
13341
8016
2147
5322
1300
11857
1195
5017
3851
7160
8233
4897
7119
6070
13704
7485
4722
12591
8404
14189
1629
6662
8592
4572
10121
12911
8947
9730
4025
6826
10033
11284
14076
1519
1962
10614
14456
7871
8976
7837
8137
9696
5673
11597
6819
8605
9537
9049
14771
5557
1383
5404
14956
7564
208
14164
10301
13743
11827
7615
2975
14843
6478
7313
14953
4528
14416
1199
9095
14071
10260
2580
1304
4724
1621
6538
6221
13794
5228
11388
11210
1555
9479
6545
6173
1305
10941
8676
5011
9390
13998
194
8251
5694
7382
8067
5567
12984
3914
11576
11579
642
10267
4
8450
14648
2089
5297
14401
11243
1265
5573
3330
11479
6520
7827
2266
12872
986
7456
5383
2566
5702
3129
5792
8891
6354
3259
14263
9817
1870
14662
12433
2701
12760
10150
1963
9814
9329
9593
436
3435
87
3548
4607
7848
13897
14823
6928
13311
5495
1308
6993
9035
3191
13137
10806
8419
4587
13625
2443
5157
1260
1606
14867
3482
1320
2628
14263
9654
14805
13048
10373
9850
10783
14366
3886
11892
11990
10154
5962
14774
12725
4658
14484
10623
13580
620
6610
8719
2433
9024
2630
5292
4912
5366
12066
1260
14350
5658
14307
7588
10938
10691
2950
14828
12548
9154
322
4386
5340
8940
6438
4329
10921
6465
9937
2002
3463
11049
7226
14433
9727
10287
5281
382
2556
8023
13213
5034
13847
13854
12833
4665
6580
12216
4060
9186
11882
9847
12061
5237
1564
12990
4596
1512
8960
14887
14999
11202
6262
94
3724
13895
14873
14819
14344
914
11617
1848
13269
3952
12914
4767
6363
1968
1255
13990
9968
5586
13543
1658
13682
6816
9030
13748
2506
14629
736
688
6753
3892
8345
2506
4309
11374
2660
948
1573
2914
1762
9130
11511
492
12025
4171
14950
11755
8138
4807
14285
12648
10251
14306
12380
1046
8280
13986
13468
812
8306
9408
2345
1397
3877
4752
3173
3059
5848
11029
14589
1909
3197
738
3804
2389
14038
5098
3677
12361
5786
5399
8677
12820
6136
11993
7905
10234
2194
8248
11169
9818
8772
7273
12359
7472
8434
1389
13077
1809
10492
13290
3691
10636
8710
13441
8633
3315
12962
10632
2906
11843
13631
6688
2342
3991
13945
12124
1245
1658
9918
12049
2591
1592
14928
857
12937
13824
1355
10207
11706
5637
18
7437
12417
5497
14471
981
6888
12307
1472
5441
7280
10378
6201
1795
219
14859
10991
12791
7066
903
4531
4812
14661
12560
9645
10497
11656
9388
6857
1100
11749
14953
3051
13999
11856
11777
4573
3891
5389
11949
12170
6071
13466
11410
11113
6799
14962
4046
3855
13991
9896
13942
4466
11569
9663
10690
4012
2454
12151
8343
13890
8705
14753
8558
9992
7437
8712
12600
14333
8060
14169
10293
12604
9980
1659
6549
803
10240
7656
2966
6842
12606
14066
12975
3684
8401
14386
9293
9225
4830
12489
6891
4745
8781
13709
13382
13347
2985
7111
11637
2334
2059
12502
6545
14029
8326
10832
9217
13007
1379
12285
7439
9177
1127
7389
1011
10590
11634
13035
4576
12228
2226
7295
3773
2414
8342
14394
12978
6802
12258
4164
9569
11223
8206
8686
5492
3926
2509
7728
2047
4999
2202
8945
8059
5963
128
3603
5205
709
5783
8884
6950
104
14159
8622
9549
1698
4537
471
9761
3050
2600
4283
14296
2255
12387
13571
5679
2261
9452
14616
8027
11572
13179
10822
9309
2879
4495
13554
13942
8101
10247
14681
1076
3208
12224
10579
14614
9063
7283
7325
998
10370
10182
7234
9897
8592
2624
2843
6339
1505
10649
789
403
6770
7772
4900
7428
9634
8402
5137
7674
10539
14752
1802
14676
7064
6005
2703
5972
11253
5649
4656
3553
12953
1856
14956
4341
7346
11398
3048
3069
395
9943
2810
11322
9373
5687
1434
2028
7169
4029
1975
8499
13424
8548
3162
11085
3003
12742
2082
2762
7646
12982
7827
7377
14977
10757
12121
5943
5376
11711
1378
2264
11449
5071
8511
4228
12133
14885
12164
11457
8611
14049
5863
13504
2459
13348
9862
10551
12550
740
14233
5526
1359
10796
12952
7746
13441
5649
10442
3580
8833
11914
9198
9292
12235
7949
9747
5018
4752
7339
2289
1920
3969
7844
12949
6844
5069
30
6600
5292
10563
1536
12722
9234
9113
1399
10740
11257
4732
4026
6737
10645
11457
4271
9328
5423
5379
8712
13890
11928
618
3538
11178
339
13595
1486
3675
5581
5572
4075
10826
13300
2130
808
12538
5055
14837
4275
4088
566
9962
8968
4743
7763
1625
7278
12073
3508
7334
3499
14079
14190
7291
10745
6841
976
10378
11460
11461
4264
14098
4763
10645
894
13198
13042
12222
880
2028
11219
14425
7880
14038
9735
10671
9245
3142
6735
10001
2409
10893
10995
8222
14425
732
10005
14147
10795
10700
12140
141
13269
4264
3118
11473
4021
9973
9943
14734
596
4856
5215
1801
12198
13495
1123
2525
13301
14788
5566
11478
5175
11456
2714
6741
9789
8288
6902
6792
8579
4141
2016
151
10882
4592
13603
11443
13316
2051
2597
7083
2106
13030
13071
13736
5305
8067
6560
8158
1001
13620
2383
2944
10973
7040
2045
14072
6875
426
11063
13015
12796
6924
13670
8465
4134
13680
14564
10560
12899
14313
7387
3697
14102
398
11800
7805
1507
11018
14959
7086
13982
7009
3813
4943
10767
2050
7030
13917
10356
11219
4417
65
3217
14124
7497
12281
3383
9124
7423
8605
7932
2563
654
3550
1589
2311
3750
7988
6129
3220
11320
1049
10911
13442
10559
11910
1744
14787
6911
3241
387
7572
3204
2424
11279
615
9186
1460
656
5187
4621
6793
10924
12918
12111
11033
157
1727
5488
9759
2752
10977
11076
13324
12692
2066
7228
10690
5496
13716
2413
18
3748
2212
3725
13769
4205
775
10942
14707
11727
9224
6320
13176
1781
14947
12005
581
9002
14076
10430
8929
4205
7605
8199
1781
11430
982
892
2829
14946
7484
14784
9735
3743
5420
6857
2693
12866
11938
11465
9514
1955
11847
10836
6799
11614
8560
12031
5044
7699
10860
225
4238
2307
13757
2047
703
3136
14296
3413
599
5029
3676
8582
10639
3850
10513
1304
7171
8403
6597
14672
5844
10870
10850
13842
10605
287
14651
4996
12816
6725
12018
4885
3702
11359
6499
12966
11342
9189
2910
2512
11778
7117
1338
13215
2735
5115
13078
10607
7780
7585
8352
2175
8564
10506
8880
11311
3091
7728
9483
13228
3701
11733
2032
1668
4699
10382
12144
11639
1230
11550
4068
11584
13181
7205
2239
8226
537
2301
3955
8899
14664
1934
6617
14504
8638
7485
14856
6205
13711
8976
12831
5747
3546
6571
14785
12710
7820
9112
7820
2188
12243
11713
14656
3272
2944
12830
10881
7333
14565
13784
10973
5413
8253
10584
10069
11087
3058
13856
4140
3926
12036
12990
14872
14168
7608
56
12169
11405
4452
12738
6803
4027
2412
3426
13245
11785
11547
3757
8273
11219
6596
10204
9428
12737
3732
1904
13852
3970
3534
6676
2460
11507
10655
199
11819
12373
12682
1499
6446
12539
13131
5396
12594
7456
6485
9140
886
13967
11599
6406
4436
9067
13661
11859
1322
3825
14258
13856
528
298
3928
11348
8578
10557
6829
13806
320
9918
7973
14972
6353
1169
14626
12408
6741
8019
236
229
659
9114
11370
7029
4673
13847
5795
9853
8345
7748
2927
8119
4780
8537
11442
8701
10714
8955
2904
14844
5588
14199
14722
7335
11964
259
10789
1274
424
14598
8529
941
964
12547
2066
3641
9585
11360
2538
10995
8605
14206
3490
12952
1864
3450
6556
10833
6713
6293
456
10980
8300
11366
9579
9
13294
7059
12141
11415
14776
1269
7130
1114
7574
7932
13863
1696
3830
3019
13180
11446
12114
1782
4827
14807
9809
14825
11711
5688
12971
8074
13205
9063
10228
10983
1724
14494
7661
8237
14222
2660
4962
12900
8265
7635
9424
8344
10687
13518
8644
7392
10763
4115
5024
14950
4159
3703
374
9948
13747
10396
2101
13654
8666
1437
13633
4442
8747
6644
5795
13760
7676
7491
13007
4501
14935
9648
8160
1092
13742
1479
3099
5488
14828
4808
2606
4830
4016
7333
8744
4827
10092
8356
9357
7936
3553
985
4405
2129
6267
14691
11692
4530
7100
2033
9373
14326
8977
7514
6437
1285
3793
4928
14125
9796
12918
7125
984
3697
12958
8938
6988
14175
13694
10069
2803
1814
12938
4939
13953
14333
1310
11016
6225
3760
8634
5796
8283
10723
2875
524
14960
4151
7195
870
268
2072
5821
1106
7621
3238
5042
3919
6256
5126
1711
12730
12236
1370
3155
7433
4841
5911
4430
12669
9506
2111
11304
5163
6805
12734
5319
8356
3284
1110
5673
8391
9208
9879
11573
10633
550
1558
3037
204
12736
4718
2947
8553
6855
10815
13453
805
182
4703
5582
646
11986
6570
12116
636
2671
4448
5522
6286
4357
14591
14853
1844
9025
6872
13209
14571
11360
8934
395
7365
2353
1115
9036
11865
1682
9187
11404
10651
6773
3691
13751
7909
14321
3084
4897
12823
861
3098
6275
14147
12818
1598
1542
7770
8210
11839
255
6670
1926
12328
6967
14482
4221
13582
9383
14934
2734
5789
7057
14630
1992
1915
10321
1159
10978
12942
12889
2182
8925
10914
767
9042
7043
1037
14757
10583
14431
11487
13984
14212
14894
3638
8470
1763
7846
1213
14846
7560
943
9393
5844
15
14428
4134
11202
6356
7592
2904
5089
2511
6063
722
13136
6798
4938
14777
5509
11995
12051
6983
1413
407
12915
11709
4708
907
9080
407
10175
406
14829
1176
10236
10000
13279
9243
12703
12997
12075
9086
11349
3190
5953
10299
7789
12185
3490
12476
10328
4193
3387
4238
3048
10542
6628
3086
6537
9222
14820
11090
199
7082
1918
1415
10144
13754
11487
2431
1155
2133
14476
9593
1209
170
3326
466
12461
2865
12058
148
8548
6775
8727
7949
14389
6875
6394
11525
6583
12489
6461
6693
14760
14984
13912
4939
7080
5219
7630
11099
11289
8145
588
10895
6497
5717
14291
1944
5025
7113
14419
2479
8335
2422
10098
4384
1177
7290
7777
1247
13710
11580
12099
7878
12402
4877
10615
10313
12059
670
6560
14517
8354
4262
14305
2964
7670
1902
420
10956
14054
5267
9570
3901
1466
11327
3775
7922
8390
2684
10780
3945
1241
7826
2485
10013
12807
4229
7600
7790
2256
10017
13792
7244
13996
1841
13735
8155
3904
2843
6566
8570
13134
14946
11265
13412
11862
4377
11550
6341
2995
13123
12827
4543
8918
7129
721
4396
7980
9297
2630
1002
1407
11857
3646
6286
10878
3382
1053
13835
11942
693
2446
13809
13924
5
6319
13139
12869
82
5744
14854
5448
12737
5498
10698
8629
12830
720
3234
12187
962
10831
2404
13971
7279
11137
2011
1060
4304
6113
13770
8681
5386
12966
5495
12970
8246
6648
663
13282
250
2972
13900
14941
8365
5011
6065
13870
7328
9401
8365
10642
9314
13609
2470
8030
2417
2612
2814
8115
13467
13804
8251
12520
13126
12299
12852
2262
12880
69
5087
12134
4416
11661
10680
13400
1956
11454
12294
12962
12442
2646
13737
1942
1985
1327
2636
6947
9755
5139
8526
8011
2445
161
7979
3447
8627
1711
14856
13550
12735
9843
1856
2219
13026
13309
14448
3238
1715
1772
4795
11024
3528
5002
11629
14254
1238
4720
6996
4770
8181
14652
2578
13728
8548
2221
11698
11888
1105
1140
8335
1403
1214
7972
11323
7378
4360
7504
543
3848
6998
1497
12241
687
7349
8128
2632
5252
9798
10068
2746
5386
11787
12835
7919
13638
1592
11634
2575
1297
4020
14521
4823
22
14012
12247
6071
3523
5213
687
13184
6859
11964
10235
9824
11561
8685
13003
9371
5804
439
13119
4373
5431
7427
2764
11671
3625
9426
7018
8330
9496
3568
13864
1157
13800
566
7038
1985
8423
323
13667
2005
10130
12969
5894
11265
13456
10706
877
3982
12407
14319
1756
11610
10940
1020
3296
13550
7961
7201
5069
122
8773
5918
2083
13826
1635
14276
2848
3064
10232
10551
2886
7342
10501
4716
12674
14568
3347
9081
12971
4336
3373
8065
2421
1121
12754
7601
2211
3024
13927
5396
10423
5178
9720
13210
4569
12077
14989
1453
9601
9997
4769
9809
10432
4272
291
10151
7796
11529
6094
14853
8930
9017
3770
4606
10286
11947
10677
126
3099
226
194
6586
14256
13176
3830
3290
4522
4763
9704
14040
13694
2482
6549
10737
2805
5404
12550
9109
11984
991
3906
6045
14024
11045
4102
7759
13171
9707
11381
12030
998
10622
13938
10966
11650
6376
14837
3202
2023
10942
6559
6066
3789
288
3562
4136
13433
2410
5051
5714
3705
5851
4564
3034
106
355
2752
10567
4216
9532
57
3522
6790
13418
11721
10625
7701
8503
3808
1435
1867
4228
584
8856
362
8085
5803
7142
3934
1322
3049
9526
2145
3819
8386
12666
10306
17
7163
7380
13305
7767
5825
1647
333
13726
4112
2569
12371
2378
2991
13907
5135
10896
9121
9992
13995
9006
7558
10157
14130
1562
5771
5438
3947
11923
8943
6118
2487
1220
8778
9689
7233
7413
5890
4085
7358
8479
9060
5490
9103
1298
13399
3710
4524
1726
3636
1025
7427
6967
13424
2528
818
8737
1671
2323
13693
9764
12530
5519
11449
6987
6725
5718
3628
2322
13442
6707
102
1091
9022
5290
2177
4174
11162
14599
13423
12607
10279
13931
11343
12740
8098
1975
10275
6172
2425
10432
3137
1529
1383
9313
14878
4662
5255
13749
8623
10139
4316
4877
11702
4868
1832
9356
7817
14403
2614
8238
8740
13889
4196
11324
3929
3768
4905
12770
9531
5199
5683
7541
9190
6739
5645
11378
13049
2124
14926
4217
3276
3998
12394
13506
14332
5180
10330
14580
4053
2511
8137
5186
12481
8480
2592
5415
4158
7738
8075
2665
6380
9197
6566
13851
10651
9765
14086
8890
7278
7774
12542
5537
8741
12968
3764
857
11097
363
5732
9129
4325
7526
4754
4638
12075
13700
11542
721
3844
9897
8778
3573
8143
11380
12918
5629
3692
3078
8568
13938
12128
14251
9838
3693
5188
1243
9623
6098
11665
1391
14756
7975
14845
2114
7474
12921
4452
1879
6551
526
8433
14126
14900
5991
14188
11333
4300
12614
6091
4258
2267
8896
11353
913
5918
10572
4477
6092
7929
5606
11666
5282
5495
2158
10703
1459
4380
732
13869
9710
6867
2091
6551
2753
9578
7188
12188
5300
14743
9159
5215
1753
6637
10532
7608
61
3440
1050
6574
9548
3815
8018
5825
2268
2044
1817
5728
10899
476
14129
8491
11345
3543
10615
3300
5128
3474
3124
8141
10226
9246
4128
14756
9383
2130
2880
897
1916
13552
3824
4728
8856
8735
3041
4851
1703
7868
7956
6093
7300
5278
4274
713
5252
11245
11942
12302
4938
813
14137
131
1541
4025
14547
209
4597
2660
8850
777
13341
4581
1001
9384
665
8374
3997
11083
1726
7934
2971
12675
14196
9156
5921
1240
14812
3819
9024
6498
1280
14155
9364
847
4699
10513
13000
3111
5483
3828
603
12309
321
4469
11430
863
13973
9304
4135
12873
7679
4576
4919
12166
667
8430
4662
6914
2669
3598
2128
7691
13480
7933
14926
3841
10468
13106
13773
14022
1519
9882
8659
10759
14184
11957
12788
5775
11823
14387
11681
12732
9264
12128
5544
1927
8969
4208
2914
7291
13832
9466
2799
14843
14657
10727
854
13551
13964
10665
12759
14256
8087
4440
9767
10054
6583
1524
2413
12195
6745
1930
13640
14211
6461
10291
2045
3599
921
4983
14661
9967
7525
3668
6568
11120
4050
6298
11767
4058
12445
1764
6098
6371
4723
14954
13521
14981
8215
7071
1895
8583
14952
13592
3352
12551
9189
6261
2603
5460
8030
2974
3948
9658
7787
7374
14413
4692
8082
8369
1304
1604
6843
3690
12577
3393
12129
933
2724
7139
11298
14363
5403
11450
14282
6041
11797
4064
10716
10602
5650
13535
381
14218
7118
6023
2825
4986
12968
13272
10182
4149
297
5858
7057
189
9780
6810
7928
905
12509
9643
5802
7208
6775
6788
10897
6352
7645
14278
9830
1870
12896
1454
14262
2415
3808
10246
13112
7204
3483
7418
4352
6623
3705
4929
10989
12969
8982
3296
11169
13137
3200
5576
4416
2399
352
232
4722
1172
11063
9823
6744
14984
1093
14059
13547
1517
1685
10358
13238
12836
4536
7576
7490
5574
11292
9129
2329
11945
13799
10200
5587
105
6932
10188
11282
13399
563
10987
3641
9618
1268
9073
2762
8358
2568
4764
9833
2076
4941
319
7511
4359
13491
4876
455
12366
12052
13491
12100
9244
12583
4778
1608
1708
8014
11853
9463
2777
5257
9495
11444
9934
7827
1536
3695
4766
9488
6663
6315
6332
1533
12840
4310
7231
1705
5677
7890
3477
2392
9033
3940
6946
4572
7176
12105
12239
7048
6768
12175
3395
7795
8858
4518
4899
10718
5992
12019
10970
1884
7386
5421
12059
14174
5966
9180
2951
3497
4868
1787
2774
8059
12769
3144
8589
14784
2164
1908
11100
13794
7405
12757
3344
12876
10010
2295
980
9126
12383
7793
1097
9425
7713
5196
156
5075
8399
6688
10874
13848
7907
3813
2549
4817
11479
4447
4416
7670
14618
6057
12273
13786
9714
13404
14632
11130
10633
6439
6235
4004
2453
8318
8757
11941
8926
14429
990
9434
13576
6021
8770
9866
11620
11372
8294
7880
14219
3571
5376
14505
8755
11812
12534
13698
9077
12632
10618
2447
2836
3801
1974
14368
4138
11552
12921
8692
3923
11538
14489
2681
12496
336
7134
5997
3749
2429
12234
85
3590
2502
5868
9541
1115
9408
3424
462
5006
11515
2200
8065
4565
3104
8160
7361
14706
3273
7544
1393
2071
12202
8986
11466
299
4862
7252
7981
11243
4080
609
13827
10748
3537
10245
14901
12298
1562
1964
9132
9600
8651
12753
11406
4786
393
2564
12048
2643
12993
14940
10987
12820
5742
13810
3401
1591
8751
8008
565
2310
14866
9701
6731
14171
7068
3063
14227
7442
1732
10127
14501
14741
13894
11813
7658
2395
8225
8674
11975
3300
8618
12903
8167
3056
252
5628
5552
9523
5678
1449
13962
2207
5847
5614
11089
7177
13120
13075
5079
5459
6119
8050
6469
8053
5827
2515
12110
3898
13619
7345
6468
8274
4865
585
12645
8213
11482
8541
1680
3615
13189
2095
14061
2789
422
7809
2028
9181
11642
986
10080
12020
14429
11006
9154
7599
12987
7777
12241
9825
14743
2210
693
8555
10423
8118
1181
7131
10469
2924
13231
1336
5807
5000
6387
10806
7895
6377
9450
5717
6541
5947
1817
1284
9377
10121
13765
10336
3843
243
13551
4903
1366
13832
14455
11410
8866
4987
14350
10663
9920
3020
4078
8431
1878
7563
8810
9944
5794
3078
8702
12198
13473
10810
11486
6389
14945
6841
5215
4316
5518
960
14146
11980
14048
2607
4751
1027
3314
7155
12066
4035
4345
3282
14014
2997
4172
5093
13009
1628
945
11112
10010
6432
1379
6119
1288
3675
8389
6151
7485
14638
1269
1824
13075
14692
12082
5425
2079
7902
4854
7940
2857
12952
3933
3468
10990
13311
4237
5116
9675
4562
4287
13658
1654
14888
2777
12868
10579
10678
992
13539
12743
3151
11709
11759
7415
3886
195
6071
10486
1979
9692
2632
11881
8460
12191
7480
2108
4407
5495
441
2477
13026
9443
1147
1901
7710
2794
3991
5768
7855
2579
5720
4212
11905
14783
1658
8105
12788
8986
4382
1376
14541
10074
1875
7708
10550
7322
10959
13363
8402
5097
5966
10770
3926
5038
12296
9678
7479
11960
9619
3962
14071
4764
10098
12780
10354
4495
3068
14528
5929
4126
14152
1058
8850
8948
3785
12834
520
2357
7628
13131
3575
9520
9246
1053
7584
5773
13890
4006
6731
7742
1074
5366
835
12965
7989
12374
1308
8385
628
7854
11812
9297
4786
2059
9531
8374
14828
7957
2083
4038
14386
4415
7192
8919
14799
2182
2288
12236
9308
7177
9221
14834
3620
4427
5278
7157
6582
14069
10635
3749
8251
8115
4333
7889
11707
13169
10721
1689
14440
