6998
5836
361
135
8597
4968
8104
2213
2254
763
7195
658
6213
5827
6067
4191
7001
5785
6066
8133
7162
5590
4838
1895
6297
5475
4160
6419
3039
5575
5555
6561
7713
4013
1871
8025
5513
9211
694
8393
7784
3556
5931
7031
4692
2206
7171
9213
5966
7760
2580
5683
7676
8815
9956
41
2090
8001
2335
2832
4516
3010
9045
3055
5762
2315
499
4875
1318
5837
5145
9812
8724
9618
9990
2368
2710
2750
1920
164
3615
4226
5591
7975
8405
7206
5154
8779
5131
8226
1235
3907
1079
9322
1681
8673
2060
1733
4416
9530
5293
866
3424
3675
1153
3573
4335
2300
9696
391
4420
4248
6326
7429
2868
7677
7214
4779
1148
3548
9160
992
9987
6206
478
6006
9043
3181
9174
8153
7693
8408
2192
4398
525
527
4849
6776
9109
654
2682
2183
2411
2077
8894
7098
1798
7691
9359
3619
3047
9684
3696
8278
6924
9966
5302
480
2026
9140
5474
3155
8357
6441
6702
4213
7829
3001
8078
3741
8322
6029
1394
8529
1253
2067
9928
2483
8691
3344
3202
8731
4973
2435
64
6857
9523
6916
9309
6564
2083
7538
1786
7299
8952
529
409
1883
8979
7086
4858
1047
1024
864
5837
4911
429
7314
9755
6902
587
7093
8419
5399
7182
9468
9921
8470
6833
599
6271
7460
8970
5927
537
5917
9594
5482
1263
1366
8246
5882
4743
8761
4995
3015
6382
6116
2529
4984
818
4773
9565
5717
6720
9036
5680
5883
6285
2490
4407
9201
1308
1225
989
9058
7411
7402
3525
2473
5534
117
1402
5862
5091
4351
2920
9825
6357
2970
4753
8196
577
1165
9547
14
5054
7538
4343
1718
7052
1083
1734
865
4726
8755
7735
2014
5496
4005
5173
9978
2281
2688
9085
5634
5846
9103
1076
4695
7132
1559
2899
406
6911
3831
5606
7004
1330
6137
9539
1960
1030
6882
2172
1519
8357
4264
5334
5846
1934
5120
707
7229
312
6830
2668
7193
6808
7035
509
6159
5709
4966
7863
2295
6014
7753
5771
4618
2623
4757
7241
9057
6457
3146
5379
5194
4395
8258
4196
5708
7074
3075
1095
159
7649
2102
2632
9690
7414
6314
719
9453
4810
7492
4626
1148
2802
2182
5336
8902
5889
7865
2654
7926
2034
6431
2240
6851
6735
3015
9252
1491
6120
1430
7657
9852
3487
967
9434
5685
9008
3177
5840
590
5460
1387
3754
2744
3806
180
3665
3712
1181
6824
2328
3462
444
1753
2309
7699
4809
566
2699
957
3283
5759
129
3483
2663
2403
6873
9912
9618
8336
3323
2933
2084
6081
5389
5739
2578
658
3499
2909
7358
4750
8779
549
4381
256
3729
3020
9926
3172
9249
5376
8432
6947
7209
7775
2612
8001
7961
534
1234
5906
5115
6263
86
9911
5747
8550
7590
2923
2764
5060
299
3862
7609
6571
5072
9377
5672
2490
4110
6301
3866
7660
6241
6980
9625
4938
2835
572
3295
2905
9580
4814
1344
8356
5942
4347
6105
8742
2632
3711
8875
633
3617
5338
7124
6418
3307
5510
3267
3000
1436
4108
2018
2997
7842
7232
5682
1122
6861
5249
1921
5831
6391
2714
6498
9051
9786
724
4303
4910
9716
6735
5544
1696
1870
1666
455
0
2960
9176
5032
3983
1869
7415
2415
1984
4975
9263
9326
7362
6706
3089
4707
326
4188
2410
8109
6826
500
9468
8732
1064
4475
4722
2087
4111
6277
1499
173
2254
7020
2688
2807
5230
7603
4187
2253
6268
6641
8104
695
3023
9842
7180
210
878
3555
763
7930
7869
3297
1828
4834
3517
4061
3955
5231
2235
2927
7010
5415
5653
6107
314
4182
7216
1895
2510
4965
6673
8245
8051
9181
1751
8656
1241
3048
9201
2911
116
5624
7649
9816
4100
4089
267
7548
1316
3419
6115
3495
3742
1496
5221
9509
946
7434
3924
410
6073
457
3840
3255
956
8981
9920
2412
729
4766
502
789
2203
4940
4990
703
4357
5517
2879
8833
3824
3619
1186
8451
2965
2031
6036
8697
3265
8955
8162
5049
2144
7856
1359
7346
7015
7157
7576
1718
6440
7204
2234
608
4568
2394
8641
703
1682
9665
879
2034
677
626
469
2780
6527
3556
3244
3359
3409
3184
9388
297
2047
755
1407
5055
8063
4194
1887
5484
613
8372
5364
7951
9481
8457
6351
6247
7888
5106
8627
9392
7794
8877
9266
4186
4209
2645
4567
9916
5133
5040
4036
2055
4146
4955
2880
8928
3363
7052
3089
390
5533
813
8122
341
5354
1228
6440
5540
1755
7430
4712
1673
4855
6747
2360
3812
3577
5529
5315
2559
2484
4852
8330
8977
9317
8712
2026
1171
7898
4727
2936
2845
4637
2477
2272
9511
656
2625
1872
1148
5752
743
3830
1061
4842
3365
3710
9450
2337
218
5892
6763
4960
5792
3614
6313
8930
5475
5586
7804
3161
6306
5643
3451
6114
85
1865
6188
331
7057
6824
5087
5271
1653
1171
6571
6082
7915
8650
1253
3189
1113
1809
5320
5176
3806
4170
2242
5329
9138
6423
5304
445
1522
1336
3966
9012
5004
4498
7361
4711
2614
5763
6410
350
5773
9305
1935
6784
1446
8585
9949
1179
6136
6194
6861
9037
45
7542
6713
4806
1780
1658
9765
6637
3815
1998
6766
1837
1611
5080
6059
935
4742
5017
1296
9906
6708
7565
6015
2083
1176
8188
7555
3553
6339
4798
6884
8395
5799
7358
2781
3083
3908
3308
8539
2507
5884
9919
6812
3664
8165
2084
3627
6864
2431
6842
5635
8461
7554
3933
5695
3583
7298
5101
589
2109
8030
3509
1274
6223
9926
8649
447
3291
7204
1416
4392
3499
7746
8638
6107
7730
175
6314
4501
7495
6891
6005
121
5372
4891
9424
1286
1392
2293
2125
5781
8054
7386
8359
2336
4273
8784
5680
2991
6445
9767
9688
2154
3023
7292
6397
662
7548
6271
2159
3483
3880
2736
8843
7836
6559
5274
4970
4423
8669
2727
1926
8288
9356
7580
8035
7314
3251
8664
2261
5818
4425
3859
3631
7868
8246
3343
2081
9958
5505
6569
1356
5518
4543
1667
4848
4336
8733
4230
807
8469
8659
3565
4225
2408
595
8393
8889
9420
5474
721
4577
7788
5455
6148
1180
439
8380
1209
3672
8912
3963
3545
9249
7964
9389
8651
730
247
6124
7755
8357
1411
4242
4977
5498
4790
5321
8335
2448
1357
44
8405
6509
5059
2081
451
5841
5789
5478
744
9192
2334
8871
5402
3549
5377
6129
605
6994
6344
9711
6301
4616
1266
9967
1639
1175
147
903
9269
5420
1348
508
7395
7454
7421
1647
2982
2321
3503
7722
6902
152
1895
5859
1938
5592
6777
9191
7575
7010
1142
8951
1276
9036
3976
6594
4546
334
9473
5885
3522
2211
1656
5028
8026
2648
7139
9278
91
4663
5981
5213
2794
7498
5588
8849
2916
4101
5428
1135
6420
8587
988
6006
4035
2911
3811
8141
5316
2902
751
9842
3510
9926
9614
9043
226
5991
285
3354
8513
6882
89
8266
5247
58
9690
1154
8935
1447
1112
6573
6994
8044
2641
2469
7376
1261
6271
1415
2998
9348
2169
5726
3856
5889
1150
440
943
5365
580
3493
8107
6101
1308
8196
2856
5494
3227
9082
4797
2404
4908
8581
825
6784
8367
8601
9535
7218
3481
8063
3374
2884
7830
4729
6008
7641
6808
7215
4082
460
5731
1025
7105
8182
386
613
6545
3742
4935
8043
5375
5411
6460
7620
2297
363
3523
5048
675
8911
2098
9107
773
4159
5969
3628
5359
5460
279
7645
2929
3093
6268
1975
9855
5865
2486
1212
2622
2964
2724
1148
3986
6336
3760
2946
2336
65
6647
7081
1887
8847
3706
1985
2370
8459
9663
4643
865
7366
9424
2947
5091
34
6882
2537
7062
9398
8841
4063
8335
7995
5641
315
3256
4728
5419
6529
4585
6975
2044
1314
6678
5800
7720
97
5001
5405
42
7792
7167
6630
9797
2448
9921
8323
264
7056
8536
9677
897
2402
9930
1288
8330
9872
8494
2584
5444
9472
4092
8548
4874
4941
4972
9197
6786
4839
4461
1145
2008
5740
9205
1787
677
1253
8454
3099
3442
8506
8434
3878
6971
1923
3205
6363
8000
2661
3555
5602
511
921
8486
7684
8742
7460
9596
5996
4677
151
7317
3056
2441
1155
9344
9142
3584
406
5837
7916
6620
1466
3005
3590
1398
6568
6570
3754
3884
8641
9215
6949
9746
9485
1663
4299
5785
4902
5280
76
6700
9551
5210
6942
918
6563
6987
7783
3314
9558
6258
7570
4512
7601
834
5455
6180
6821
6603
9457
9204
5990
4034
3511
6993
7150
9966
9397
9257
6561
150
4124
2592
5684
1667
6728
2922
6697
697
7090
1457
2137
384
3418
186
3640
5585
4296
5138
495
6103
5875
5632
4713
7733
4662
5595
5699
864
1643
8622
4221
9720
4011
1921
2354
1403
6656
5554
3356
2815
6743
2426
3006
5287
1201
1398
1855
1247
8758
563
6024
4653
5267
253
2739
7056
3518
5668
5622
4141
6438
7137
3885
3391
5687
1988
9074
2129
5990
5750
2754
6583
9234
1982
8638
6878
1369
9430
3038
9877
9438
2366
8255
1671
5697
5031
4531
4143
698
3874
7536
5568
7483
1943
4
3437
4558
8226
8099
8859
6203
991
5377
5756
4874
8261
9774
4836
1898
429
1980
1845
9525
9727
6740
1968
9475
8769
2186
7397
584
5701
6101
3092
862
6654
2204
6507
7374
7101
3973
717
683
2517
8333
6728
9307
5293
6595
45
3618
9244
5451
8577
7927
5248
6525
3807
4113
1570
9038
4856
82
232
6434
5515
1606
6439
4517
7617
6616
1511
5567
244
6925
1039
209
3146
3515
9036
6385
4522
8031
5764
2676
7799
4915
1600
1441
9457
5765
1807
5763
58
9881
7428
3027
3676
2768
5616
7109
6641
7375
8689
621
5201
1230
4952
8422
3034
6333
5895
3696
3847
7635
3758
8316
1284
251
675
9897
8251
5178
5576
8984
415
8210
7896
1160
4131
6998
7738
504
7309
6742
601
2786
2881
5901
1050
9074
8407
9452
3750
3018
2098
8746
2210
7946
5091
3824
5240
3169
2142
6138
8670
2370
8078
7104
5171
823
5337
609
8179
2321
8697
5690
6848
1160
6913
8945
7734
9305
7395
4936
5482
3941
9282
6822
9157
6031
2315
8787
3080
6192
3760
6417
1030
244
3308
1156
485
3125
6334
155
9226
6494
9228
3459
65
2337
6568
6262
732
2145
8859
5226
4997
8824
1266
4282
8028
6409
8326
7190
3654
851
6970
1223
3719
3685
345
8783
49
9214
7922
1503
7661
5005
3158
4444
3823
4942
8566
6352
1305
3871
9510
5654
5751
2959
2206
829
6485
5264
8517
8115
7245
1771
9925
9141
8378
9128
5778
5983
4822
1693
6350
1401
4855
2114
9575
7573
3027
6673
1383
7502
6963
3857
3529
9450
1777
7237
9485
6275
7754
6609
8546
8312
6607
4609
626
590
9189
9476
9411
2596
2791
8534
9491
1553
9351
1081
3893
8200
6819
3844
2059
7492
4679
6931
4689
5252
1210
3316
1139
5862
4467
264
7079
5332
1120
6847
4976
8758
7343
7693
7638
1063
3744
9495
5526
5192
1956
3403
1846
2483
3978
3425
5503
5788
6599
8223
969
7118
2310
1285
5791
8081
5001
2333
1040
3162
3435
1077
7341
3063
7997
2916
9304
7684
6548
5039
4128
6151
3325
536
5978
4272
818
7582
6298
8239
8260
525
1676
7033
1993
9831
5082
4998
2314
8181
3346
362
8629
800
3601
5086
9741
9056
4082
6381
8920
7744
140
435
4053
8127
4644
4492
1590
719
3011
4277
9294
4142
7064
9921
6848
8904
8603
5078
5282
7917
3160
695
5855
8711
6712
7031
6557
5897
3337
4957
9707
6224
9758
295
7258
2740
3498
3032
1385
9021
4999
6611
6651
9241
452
1151
6671
4886
1327
8499
2539
4369
8630
6267
2489
7490
4756
2665
2288
2706
3498
3855
3658
1543
9214
798
3674
1086
9493
3124
1529
2490
1714
3426
304
714
2845
6554
486
8253
3538
4986
8815
3565
2132
3160
784
3098
1507
764
7594
4335
1925
7415
8702
6131
5956
8901
9235
1752
7369
8231
7487
9489
4511
3082
1467
5522
52
4924
5069
3742
3269
4121
3770
7707
8021
9565
7017
563
9478
1069
9418
9820
5281
7640
5720
5201
2329
5022
5165
9429
8651
1432
9263
3787
953
1306
3306
2554
2306
3035
5977
3019
1225
8177
3338
656
2867
6419
3144
2275
5483
2721
2951
3491
397
452
826
663
1760
7115
564
1640
3144
7305
4300
4090
1619
895
4149
4980
6379
3147
1071
9846
8221
7429
3560
5904
8204
538
945
8772
8695
5220
6092
8570
7645
4450
136
7543
7435
7236
7499
7969
2921
6313
2881
6093
9412
3911
3206
5102
209
3014
6543
7740
5112
7986
6924
7059
5773
253
8679
2037
1197
1865
6410
3279
6805
2174
7047
2896
3484
625
8589
1789
8827
1689
6027
7013
1362
6376
8775
1711
12
8401
5440
147
5225
2108
1202
818
5267
3545
233
1285
1043
5702
610
9439
5434
3863
2012
7225
8663
7268
7093
4491
9463
8820
5901
2635
2936
5474
8956
9936
9905
8085
8689
3106
9287
1028
789
2448
4573
8678
6768
1253
7815
7974
6495
3579
9739
3712
4816
8393
2533
5975
9502
2214
2689
7132
8705
6849
4844
9244
4870
3604
4022
1371
8624
412
2864
277
539
3764
2518
7336
878
2996
676
9067
7427
533
7938
8637
9348
8044
4142
954
619
5069
9609
4475
83
3695
2343
8780
6364
85
1137
8099
5012
1283
6284
7504
2106
3609
4111
256
3234
7174
8931
1956
9293
9550
6139
9531
881
514
3209
877
1156
8873
1075
4006
3021
1901
7047
2925
226
7655
1782
1155
3575
528
7075
2800
2779
829
8292
5364
1734
9842
5078
8154
9964
2893
6702
5023
5845
4252
3804
458
7815
9374
6673
3579
8245
1926
1232
5474
903
5341
7863
1479
7018
1214
4896
1519
6821
9756
8168
8409
3158
748
373
6160
1260
6944
9111
7742
4102
5732
531
4521
5879
8980
6221
7622
7123
5498
4643
4864
3707
5281
4782
5577
8555
9828
8964
9600
9307
8183
3767
6097
7315
4113
2876
2401
3416
5808
3341
3074
3722
5870
7205
4577
4298
5990
3765
1528
7069
7659
3799
6379
531
7573
6058
5529
7932
3943
7991
1392
2461
7844
7274
1728
3694
1933
8019
4687
2039
7414
5731
421
8259
8942
8041
7892
3281
6318
4066
8538
9435
1303
3805
6839
8064
7630
441
1499
9953
2391
2612
9971
4495
7393
778
3330
614
9763
1654
8153
7573
2125
7350
6962
6526
3996
1330
9060
4378
7725
1602
9124
9920
4221
2650
1804
8498
6036
1536
6747
5509
7919
320
9968
946
7880
6518
4292
6877
5011
5612
3707
7266
3833
4867
3914
4870
8774
5623
4078
3073
6547
2059
2876
1466
8634
8023
5269
2749
895
9918
5135
5098
2363
2895
2889
8517
732
9625
6500
5915
7726
5762
8979
9626
3567
3920
5287
1947
6122
8410
6915
3869
6923
6324
2886
9656
3245
6612
1860
6161
2688
7754
1141
4852
4310
6336
4934
1408
8234
3366
5973
2441
3894
2565
1766
1390
5599
4985
9152
5998
2910
7308
8586
7877
2524
6980
2633
622
7769
5914
1533
6726
1625
5924
2363
5065
9266
3292
7326
162
6499
6889
995
1602
1225
4132
5981
6981
6041
1746
1392
4626
1444
3734
8724
2902
779
7302
5365
1439
9982
8543
6769
5794
7500
3633
4536
1216
2320
7997
9126
2997
955
5467
2753
626
7445
1781
100
478
3954
1964
1967
7067
3389
9093
9653
6036
9609
2747
5991
3025
5259
9035
2277
1284
2040
538
9036
7496
3311
3698
2562
9645
4321
3243
8468
2974
1087
8090
8110
73
4950
844
3673
8971
6176
3459
2957
8739
6649
4953
5456
5548
8615
3152
7182
3403
3767
1362
2893
2831
4495
2589
847
7694
7083
8471
7036
4992
4784
7460
2953
5035
7294
6909
3400
9673
1925
6752
8558
4432
981
8228
7634
6318
9247
9694
9730
2850
5342
3017
1297
9408
711
8239
8500
1419
475
1265
7153
5059
1056
9166
2477
5176
509
362
5893
1971
8860
2426
6282
8582
7361
8551
8708
194
7572
4803
4483
1537
3425
4218
2614
3703
2043
529
4175
3127
1958
3839
7960
5237
604
2917
7881
2810
6480
3962
14
4398
5220
3645
9936
1292
2949
5059
9056
2482
4772
8768
2015
5799
1025
7608
5889
5
8992
3080
5974
6990
3196
3252
2170
5423
3101
6910
4663
7219
3055
6389
7496
6003
5682
1969
3877
2387
6534
4043
7639
4332
4834
5334
1110
2103
2358
4372
862
6438
138
3185
9278
5383
537
6653
1709
9999
481
8389
6069
1613
153
8115
4208
3620
271
8533
2088
9005
265
5448
8879
645
9088
3507
3461
5269
194
1361
470
3491
2308
4241
7064
7725
7989
9027
5845
6984
2733
6701
9037
2595
8361
9773
3915
1650
5781
7731
9745
5680
3882
1858
2049
468
3253
1864
863
9174
5716
707
5867
5044
3240
683
2728
1815
2702
3435
1827
9680
6190
8851
2646
2123
45
3024
4532
4329
9688
3394
7296
6935
1438
9996
3158
9898
6973
5354
4916
9973
871
1943
3923
1886
6751
5411
5408
7671
2943
3760
8017
826
4319
7562
9062
1974
2947
3930
6890
510
6566
7474
7027
2365
534
4718
9331
7480
5862
4611
9217
1806
3224
6626
7243
7751
402
9725
7808
3864
8576
9953
9528
9248
1014
1827
6990
706
6293
8819
5992
935
7004
1227
2137
4229
4042
5505
5699
2107
6043
7754
4061
5013
3310
5450
6671
7834
5665
5756
6516
6361
4043
5773
6355
9009
6387
9971
7614
3120
9393
2658
4776
8010
9022
8892
8310
7536
4341
5457
4782
3424
1189
4700
3635
6847
4493
7869
6300
9821
586
1395
4831
9860
3837
9037
4011
1058
5058
5203
3049
2224
2748
9919
370
8084
1988
3873
7788
2634
35
2791
8373
4724
2064
3966
5719
4688
5311
4217
986
7415
4957
7732
8080
1631
484
4357
6665
7383
6947
3676
7288
3696
1651
7949
2858
6220
3030
7423
5943
295
5192
4828
1921
8350
8565
1979
3881
1753
4337
322
6353
6359
7976
8977
1447
7847
5022
8390
2772
7659
562
5040
9648
2848
2293
2841
6534
3471
5957
9824
348
9307
1065
4495
1421
3597
4263
4878
2173
5311
7530
4632
1306
2963
8414
4902
289
2430
9980
7580
3210
8400
8796
5503
717
4084
361
7801
3664
6660
2673
4065
2351
6558
325
9315
2794
7112
3443
2828
2331
7396
8085
7829
3039
5128
7285
5765
2960
8384
4852
8402
1915
4609
7213
3384
803
2869
2149
4017
747
649
7091
2033
1144
9628
3787
2901
3774
5791
645
6818
3471
8020
8792
4951
4544
5873
3008
9745
6137
1635
4080
106
9015
3928
4838
7173
879
190
8157
4030
7274
3120
1552
3183
342
1873
9639
8951
8293
2183
2706
7974
4287
882
6887
9
4625
9359
9075
2875
2638
7366
7533
9962
6465
3288
7455
6084
6033
9515
9195
7602
6986
1845
5740
5731
7047
15
5173
7742
3363
2390
3300
9364
7746
1588
1406
3108
402
9417
4215
1469
1744
8859
3479
1002
6183
8061
3390
3114
1413
6263
4986
85
1636
4466
8097
326
3426
4229
1009
5125
8465
6466
9980
304
8289
8358
3036
64
2326
567
5063
7059
2025
8831
4074
2269
683
3708
1808
598
674
9760
5272
3291
7249
769
9742
6237
781
732
7828
4016
7430
1318
3718
3163
1525
5242
6474
4526
1684
1553
1324
3823
6659
3269
3331
1553
6209
9931
3498
8268
6929
7706
3416
8860
2878
7458
883
36
6122
6869
5595
8395
2825
6107
948
2674
6428
7830
5274
2592
612
1360
3438
8517
1256
7775
7602
646
8374
7326
4172
3808
6190
3135
2504
4129
1870
5430
9735
6772
1240
8703
5296
9798
2841
147
8104
7736
38
1467
9205
9932
4605
7743
2751
2909
4178
6396
8559
3074
290
6526
249
5912
3323
3884
3951
503
5619
9556
3936
3663
4275
1102
3157
6307
670
3306
8663
5725
4656
1968
4104
1403
7525
8252
4173
8709
9366
2966
8668
4352
3205
9860
7148
9837
487
4547
8603
4321
9831
948
4464
6269
3796
328
7380
4051
6400
8909
2685
9297
7539
8826
4229
3171
9110
3759
1351
5000
1656
4945
9172
4722
9638
5496
82
5463
8088
943
343
231
3282
1740
2052
7178
5364
9120
7367
1197
1390
9132
8857
5696
3102
928
7109
7328
4988
4479
4332
8169
4606
9752
565
4396
9013
4097
7344
7852
8223
7082
2188
7051
9075
2362
6102
7187
614
4291
5450
4442
5161
2911
9028
8561
7611
4768
906
9013
9180
8500
9731
4342
816
3611
5574
1308
5792
7969
6103
297
627
4619
4903
6145
8407
1316
6104
8982
8819
6805
1120
8012
4779
6335
5257
2232
6382
5157
4258
6031
9118
2805
3392
4314
4753
2879
4637
1347
117
2709
690
9885
1123
4826
8093
2288
6819
7450
5553
3324
967
4374
7755
5151
6739
5549
9349
8557
3480
8441
8642
972
3148
6802
5561
979
8069
7892
3878
1112
933
1362
3395
5554
2565
3049
3815
7037
2964
4733
8361
7724
6330
6542
1849
2119
1352
2156
4897
6200
3914
8208
3221
5827
542
8343
8547
9262
7426
9298
5592
3148
1635
1063
7751
8644
8290
5674
2679
4602
9863
9534
7775
7630
1541
2271
4739
4685
9626
1115
1826
2445
8333
3507
2200
9113
4010
2254
6890
8554
4818
6897
1218
3694
8194
2194
4332
5958
8061
9588
2450
209
8665
393
7793
106
2161
35
6835
7119
2654
1142
3428
7503
227
9554
4681
5486
4706
1359
26
7639
392
980
6819
2927
9795
33
9039
5320
6519
4143
9152
976
4907
299
7082
16
6755
399
4350
3690
3498
7612
5912
1321
5622
952
7013
7867
9740
5
7453
2129
7774
6165
1062
7705
1972
8901
3893
3626
4123
5617
673
9278
7275
1464
5390
8703
3463
1117
8524
2657
1573
7958
434
2887
5276
7398
7647
2054
2187
89
6400
4394
1886
7732
5694
6813
2243
8816
325
7406
607
4181
2869
8617
8861
2601
2465
5172
9071
4710
7355
2764
9533
9571
7649
2037
9381
1899
4493
3845
3598
9582
1988
5995
9272
470
8523
8703
8243
4643
4969
5879
918
3358
8164
1994
926
8694
9469
9772
585
8563
9831
2236
2654
200
4742
3760
4755
1486
4768
8659
9009
3554
9901
2613
917
3
8895
1743
8362
7743
7951
6507
3669
1988
6656
2773
9158
3280
2898
375
9303
7505
2652
269
720
855
4977
5007
4542
422
7351
3649
4449
7699
1548
1484
7576
6640
5673
6960
4874
122
3682
3056
2084
8687
9721
8053
2432
3220
992
1062
7388
8903
9462
1030
2408
1206
9734
3998
408
5921
7640
2327
6952
4365
1731
1329
7587
1701
7717
3281
9580
1088
4146
6151
7447
8818
6116
4538
4068
5975
2656
3302
6937
246
2579
145
2172
7480
3051
2025
7239
6356
4902
1681
7067
1071
8811
4783
7199
6366
6857
5281
1934
6392
4694
6330
5046
3944
581
6905
5594
9384
8874
9633
1557
9233
7221
3697
9629
2868
8663
7764
339
1975
2127
1793
3867
1542
7373
3334
3396
3003
3380
3425
9684
9886
2334
9604
2625
3800
4944
8672
3006
3935
6624
9845
435
6366
8234
9720
1441
420
9548
4075
5127
8112
8382
7962
2457
9227
3394
4745
9212
9015
4001
6812
2005
7669
6520
5512
1325
748
1725
5569
5522
7545
5297
9662
4912
30
9323
2190
5703
8448
9963
7315
9333
901
3665
5316
3986
3326
1908
2995
1561
3170
2346
8422
5134
4742
2447
7681
9139
6746
239
1408
6850
2831
5610
1922
7554
4087
4779
7523
8827
8426
9986
9141
7694
5487
6258
5940
8158
7319
7168
703
1554
4444
1928
2855
502
4150
6840
6875
6852
2808
5198
6448
8940
6889
1024
260
3724
7961
3708
3568
4925
5388
2559
818
9157
6744
2580
8488
8238
9986
5321
4063
7325
3357
1628
6581
5372
8644
6243
6559
6493
966
7816
8268
8250
3568
1659
5289
5656
9227
6758
1100
7694
833
3029
25
6571
2479
9542
306
8564
8939
9566
279
9350
5811
3670
678
5975
4819
7813
954
2280
8735
9414
5135
4502
8246
710
3282
9024
8699
5352
7814
4804
8121
1186
161
8884
9156
9398
2048
4558
6639
7822
7488
8272
9428
4104
6083
3139
9776
2610
5590
4068
6076
7520
1874
1943
5101
3363
7352
2019
8016
3410
4821
4778
377
5808
2154
5844
98
7103
4800
5231
8930
2898
7202
5220
2388
5780
1331
429
264
1388
368
3297
4858
4475
8234
3105
6896
8213
1139
6917
9733
1582
5641
6382
888
1696
8766
5195
6209
160
9695
8200
6057
5151
9230
4636
4766
3831
2798
4782
4333
2886
5112
1438
818
8537
9760
5063
7243
1176
4983
4153
9907
3975
7697
505
6005
9224
1398
2371
9179
980
33
7192
6197
7662
9117
9592
2372
3645
7453
9636
5485
4619
7630
940
8031
7480
1163
8198
5388
1910
4614
8893
3183
7384
6310
4545
545
6372
9401
2699
7203
1731
5900
2054
1481
3893
8070
9617
3087
1353
8092
571
9326
6167
4264
8678
5865
4705
2186
7454
3479
2726
2328
109
388
3016
1190
9298
5688
3271
1878
6091
3193
1694
1290
1267
6521
7860
5397
1015
5700
6798
1090
3441
2713
4972
2955
1902
8450
7837
5976
6098
6349
7
671
2145
8610
721
5437
8334
9380
9242
1993
4243
5486
7116
3719
6951
9435
6792
3428
9690
1251
9019
6643
5010
5404
4622
8795
6680
6638
9832
9950
1983
3782
8125
8621
8794
3796
5722
7028
9893
9233
2339
3779
335
1062
3561
6349
2378
5372
6306
4958
6470
6862
4228
1507
6085
4214
5645
2081
8851
2465
2578
9169
6303
5296
5853
269
9872
5830
7841
2813
1259
7924
1388
1441
1224
1257
768
2604
1981
2537
8063
3169
4923
2078
6291
4252
7151
9660
8802
8879
7467
6117
3002
2200
4856
7418
5286
6000
284
6129
3229
5012
5652
1097
531
1165
2143
9971
1
3292
3862
719
9942
4069
1685
7708
9700
2997
6507
5111
874
4073
741
5389
1670
9493
1801
3453
3251
6174
1601
7725
8592
207
1610
7762
6263
5426
3901
4387
3906
6219
4805
2312
8701
1419
9281
7157
5059
5658
902
8444
2958
6928
4498
7653
3892
4245
5921
5767
5231
7312
6132
7857
7925
836
4873
3198
6977
9790
2574
8179
8858
8314
7782
5844
5148
4166
1446
268
7059
2694
8665
6189
1251
9140
3119
4315
3326
5771
9383
557
1771
773
3493
3057
1733
9187
2771
4348
5001
2226
1709
7228
9824
246
1965
2003
1800
6377
949
9659
4954
2347
5344
180
347
5402
2990
7782
8082
5372
8993
5129
7405
3935
9685
6738
8768
3894
1104
7727
1142
4910
7018
7832
7706
3542
5237
2157
3056
9666
9911
9560
5547
8389
1841
6709
9029
6449
8447
925
9322
4706
9960
7674
2064
3883
8660
9281
249
8928
3531
9816
1728
8530
3573
7423
9203
206
9198
9387
7859
8128
2634
7151
8658
367
5043
8173
8552
4624
224
9038
2369
6654
2154
9541
4992
3582
6396
626
6596
5095
3453
9965
8144
9096
5508
7776
9162
4841
6680
2005
4863
5773
918
6401
5114
6342
960
7225
3444
1930
6404
4305
305
8694
8869
14
1170
567
7472
5355
6659
4026
8399
5792
8879
7245
8214
724
5428
9265
1750
9584
98
6454
1886
4406
7218
8139
360
3425
4788
591
5861
2761
79
8764
8077
3586
222
8119
4136
286
9441
4674
6907
1087
4061
47
3037
6370
6203
9631
2227
1483
7140
6301
8304
226
1734
9088
6900
2391
6019
6100
4209
3755
1107
3638
6193
9737
7838
8947
7877
4556
8333
2308
7914
6208
2505
5314
4471
3800
9894
6047
4685
7871
9772
8649
1405
6221
5359
4270
7765
7446
1215
2787
2250
1915
6378
9790
4330
5207
9686
1373
3503
2209
7839
6
2636
984
1248
8402
9863
4297
7473
4696
1969
3253
7151
1475
6211
1893
2710
3259
6802
3775
5884
1865
6924
1606
6058
6762
7065
8772
7831
8011
5706
7288
2803
2649
8958
114
7591
1525
1604
7052
7324
2452
3201
2496
1477
7327
9356
221
6795
5367
151
5068
256
1995
4748
3898
3589
3041
3692
8520
9649
6949
8140
1418
143
3417
8312
1069
3644
5553
1829
7378
2600
4001
6288
9351
8158
5753
9406
6500
1996
7390
4386
2675
5080
2338
7772
6026
4299
4419
1987
1625
9244
5431
4990
3898
3075
2781
5069
4490
3363
4326
9614
7424
1077
1461
2939
7485
8472
8239
9682
9679
9543
3848
7144
7255
9905
8111
2023
3355
6499
4869
4465
6626
1362
6040
5045
4286
7841
9999
8418
7092
2092
1456
671
9384
7505
6500
6166
4001
4739
5634
3585
6197
5500
9733
263
2926
3880
8649
8451
3839
5092
9907
7140
8195
7812
5376
8272
7489
2940
7107
6754
7059
8606
9636
9550
1215
8465
4954
300
5463
7982
8086
2414
6324
1235
5752
5416
3916
9039
7955
6376
4988
7673
2471
787
4423
6375
5241
4884
1348
858
5419
4562
1951
9647
2446
4332
4846
9718
3950
3497
6426
8097
7470
5692
2997
6405
6071
2245
3715
6095
7761
9440
3330
3136
1280
4698
6584
2226
6319
6918
6729
2292
4513
1801
9098
6971
8658
3826
6894
6063
1521
2752
458
6517
2324
3986
3158
4430
8558
8998
6722
2732
3083
4047
6374
2771
1711
2944
1419
1847
4359
2302
110
2880
3733
5789
8507
6886
9046
7272
1874
3686
8726
1404
3666
1377
5279
4230
1591
475
7528
5661
2397
4392
279
317
7068
3876
9162
3136
5909
9444
8855
1431
8667
2432
6179
5590
8255
2292
5690
6531
7912
5020
4271
9149
720
5182
2988
7546
7262
1927
8990
9595
1912
7569
7602
5529
771
5854
4926
7683
4546
5863
4227
6236
7865
6656
5201
8895
2395
7226
3783
786
4961
6091
1628
4547
3383
4972
8561
9569
2156
1372
8385
3668
7301
5600
8262
70
4707
8819
4557
7550
9116
4
3508
1761
1543
1389
3394
1409
1354
3898
5939
3740
5511
6376
8652
36
1530
4989
6495
3268
2614
2077
836
6892
3110
6956
5979
5883
9936
4700
8740
8523
969
2742
4518
231
4504
9321
4095
8735
4835
2234
8999
3311
7803
1156
9700
9438
6679
1842
105
4267
3172
5965
3889
7560
546
6030
3041
7410
5808
843
6663
9963
5795
3337
8551
7623
7601
9227
5370
762
7215
1921
3336
3831
1541
6370
255
7970
8012
2173
1459
8668
2900
4096
2757
8875
4133
6433
858
5045
6934
6116
1880
6069
902
8353
1555
2746
5328
7697
6515
8543
5448
6940
4664
741
6107
5965
4039
4752
905
2822
3805
3375
4235
9644
8066
7088
855
6781
3024
1079
2644
9512
687
9639
4987
3075
7812
8803
5905
3360
7047
3685
9462
2614
8343
7793
1271
1754
2634
7823
7950
3497
6507
8912
4325
3378
6099
2134
1811
8988
868
8146
8952
1252
2984
8325
417
5425
6124
7472
3864
3617
8200
235
5065
5146
6186
6741
405
5768
7605
1641
2478
1937
2472
4751
8863
1636
1537
765
6364
9055
1514
172
3019
6388
5651
3398
7999
2373
8489
5474
5144
3864
6915
9059
9338
3661
5768
9542
6198
5108
5113
7103
4593
1575
8087
7130
8428
6807
2707
2185
8791
366
8437
5819
113
909
8414
1004
4260
8860
1287
3643
4672
9227
2341
4731
8542
4745
2229
3054
8866
9300
3040
4045
9689
1712
5645
9377
7317
309
9325
6184
7436
9472
4519
4439
3075
342
2213
5926
1219
9210
8961
8507
6453
8787
4821
4918
8514
9489
2581
6230
6866
148
602
6261
9477
175
8283
4732
4891
8067
2739
3775
6355
4388
7606
4513
4282
857
72
7843
8663
1047
197
6348
6160
2308
7392
2261
7571
3028
2518
9820
109
4088
474
9006
5514
8488
7407
1667
9407
8493
8673
327
9474
5379
8566
4605
109
2869
470
89
8924
1711
6605
9786
6219
9467
9780
8766
1907
6583
5720
8562
5673
7041
3405
9008
5227
9536
2627
1713
4357
2961
2474
1200
7232
8255
1842
6805
7889
7143
3209
915
4153
7173
3904
6842
3399
1582
4887
2681
3494
2000
5659
5885
6016
1768
5341
6978
436
7731
4191
9779
7307
8789
6853
9879
5735
161
8512
2678
5382
3398
7780
7245
6096
3454
5601
2518
8898
5839
7793
7887
485
8795
9908
1104
9688
7719
7040
2621
8380
1680
7912
6974
1235
4715
2129
8612
8407
7868
1846
1713
2732
1408
4239
940
8369
536
9174
2862
932
2025
7245
5782
113
3690
6946
9115
4544
3394
6194
2143
5245
9348
2602
5931
8369
8880
8977
1541
139
8561
5358
2265
6934
4607
6568
7555
1233
8785
4753
1547
9824
1751
9655
9660
4089
2658
5465
2597
3457
1189
2045
8263
2188
5726
3
8629
6521
9299
3669
338
3938
3136
3369
5009
8794
6193
8551
7599
8870
7858
6300
8937
5588
183
5590
1606
6505
5463
6176
6705
2535
4754
2509
2721
3861
2996
7219
6712
7931
6846
5817
2340
82
1984
4060
8882
2394
7732
2139
297
9161
8129
5294
3665
8023
273
8769
1869
4235
2701
6119
6271
1824
8845
3791
1290
9438
3198
1649
4317
602
731
8620
1185
7766
3290
5026
9532
7054
260
8322
9846
5954
4596
6911
6700
9294
9482
7559
757
9834
5339
5463
5498
8533
1678
2507
1283
6140
3396
8416
3393
2136
6476
1607
9945
9252
3815
1341
267
1795
7885
494
4180
3848
3304
8704
7925
9026
9015
8961
3016
6937
6757
6819
157
2736
9783
299
1566
5260
3343
300
1521
6076
6397
5881
6760
6526
2195
6105
5499
2302
3896
329
6222
5463
256
1788
5203
1888
5542
5115
4715
8162
7294
7045
2289
5594
5356
960
5065
688
5647
170
2241
739
2580
1864
2977
438
4728
3507
6693
386
9361
6141
7652
1216
2833
4518
5955
7682
5433
2287
2633
5509
1280
1550
7398
60
6113
47
3776
9940
8438
5914
7871
559
2361
9540
3778
2363
3665
4380
816
5949
4232
3762
5163
1599
3705
8675
1228
3931
1486
2363
6144
3263
6584
1103
4147
4099
7645
7007
6277
7676
535
7874
4832
9920
6301
1198
1322
8344
8002
4257
1281
1444
951
9905
9219
1953
7254
8144
2269
967
2149
6848
1598
3388
6653
1140
6561
6394
8269
9788
7735
1735
9109
8774
1466
9500
8673
6680
375
5745
6771
3927
1396
8839
552
8037
5319
9740
8484
94
9598
9520
3256
3357
9210
3435
5051
3569
8719
4565
6385
1965
2419
1650
9850
6152
8362
5101
429
1121
6445
2401
4830
2493
310
9084
1261
6744
7751
4325
4438
8668
4580
802
2254
4607
2442
6937
2503
1078
1954
5879
326
2357
8705
9683
9636
7295
1177
8994
4689
5197
6420
8269
1157
2930
1464
4065
9606
605
5860
9245
8117
1154
3494
9100
4927
9916
9891
6312
6436
3941
4549
461
712
7143
6592
4343
1694
6667
5960
3753
4712
7865
1700
9579
9635
139
3534
1076
4015
3558
2798
6990
4895
6674
4112
6861
4630
9194
9668
8264
3016
9324
3934
7012
5306
4486
7706
6417
3271
5843
6970
8593
4378
1611
3831
5482
2350
1502
3878
9777
923
4770
6793
6273
1431
7364
4763
2278
4013
9437
6288
1679
1693
3094
1385
1016
6366
1651
7811
7490
5797
5938
7002
8211
1168
192
2644
7202
5379
9946
4489
1656
3375
7006
4902
1809
7092
2053
5912
9384
9255
3723
55
8032
2243
4122
9220
5459
497
4620
1824
975
7551
2543
208
4120
1638
8878
6884
9687
7077
9490
434
1997
2125
7498
9275
6591
7862
2447
4230
633
6787
2705
8942
4281
4303
1093
495
4036
1009
216
1317
5638
8828
3151
7421
8489
9402
7203
7349
5757
8877
3310
809
4337
9248
1314
5910
6661
2762
1813
9165
1992
2522
8605
2980
8272
9419
1811
1207
6868
2763
722
4533
1618
9604
7093
3973
479
5606
4202
2525
2758
8572
4291
2182
7432
4236
7229
5919
8390
2767
6155
2016
529
3587
1707
1141
6637
5582
5006
4981
8712
9534
995
8890
8960
9706
7969
21
5086
1911
6158
6716
1708
6111
8084
4540
4722
2605
6091
9284
8252
2218
7899
7504
4498
2546
9356
723
5194
4272
4640
278
9678
3856
8091
5997
8635
1470
8577
3369
4471
5969
6847
685
8953
1890
8665
9739
6287
6998
1692
1116
5096
2743
2074
7846
5930
4133
7445
9236
1852
9997
6715
86
8437
9380
3382
9159
6068
4915
8349
4789
1805
9403
282
4785
311
7541
6387
2448
3317
787
4139
417
4929
9667
4995
9324
5719
4479
4415
8784
2003
2335
8579
4118
7938
5726
7175
3391
7162
5406
3277
5844
7602
8284
5954
4594
7727
9223
8544
3599
5073
4180
5717
1339
8182
933
5444
1362
1210
2839
7746
2953
6432
477
732
3510
3616
5840
5829
7921
6824
3818
8350
9210
8562
6108
6581
9050
8421
3417
2420
6334
8346
2820
9266
6943
9494
8516
8348
8093
6289
5823
2953
6193
1708
263
1133
8021
4111
5841
1378
1207
9990
9204
2483
1496
8902
9280
8348
1087
6541
5209
850
4449
9425
8894
9044
5461
9981
2341
967
2436
3967
4122
5079
5705
3092
3727
2006
5725
4476
7380
3650
8445
5152
3962
5949
8573
4200
5087
3653
768
7310
9091
276
3347
8557
4729
4100
9051
2015
6695
1571
2666
1472
1740
2688
5823
9935
1138
9150
5211
1894
2491
4880
1573
380
1500
311
3387
7730
2180
6352
922
3679
2244
1302
3478
6911
8905
4141
5064
6497
9146
622
1484
7833
7719
4362
4903
3574
5539
3741
282
3886
946
6839
1791
1853
6401
852
6291
9300
3549
9501
5276
5477
334
1754
6295
6041
4849
7901
9796
2637
1959
4459
7595
3973
370
7693
4704
7741
9789
6641
7147
9028
107
443
4559
4877
7090
1511
7857
6592
2006
5602
9092
1058
5798
2233
2692
9847
1946
4012
4755
223
6012
1476
9776
5290
3998
779
2274
1455
6105
5205
4126
161
7279
7880
7119
7416
999
2307
4209
8996
8161
9346
2301
1459
8641
4173
3959
9041
9137
4371
5413
4400
7209
805
3447
6752
8135
6215
4334
4427
8100
2585
3840
108
4568
7226
8494
6116
2237
9280
4835
3952
899
2856
5136
7040
9724
398
5225
8107
1026
12
2475
2945
5401
3497
9749
481
9267
7591
4165
4960
5329
9542
7911
9881
6228
9563
2004
4830
1749
6915
2918
5784
361
3436
6271
6646
6552
8180
1405
4766
6484
9470
5629
6044
5797
6206
7110
5838
5060
8482
991
347
324
8747
4161
9399
8519
8600
275
5642
9989
3077
8152
7042
3423
3810
3451
9247
1572
4791
5652
1938
9749
9658
9814
8563
2886
7367
5321
2019
1092
3947
1864
9776
8141
1590
6307
698
2059
2791
2746
2397
2082
6444
2068
2337
1671
4866
6631
8094
2956
5566
296
2203
4033
9227
3974
4827
6846
5881
2108
3136
79
4518
6048
9726
8396
7487
6160
3646
6679
9955
5683
6720
5490
6433
5854
4679
1884
906
3607
7370
7901
4455
301
4769
7621
4443
2322
5895
2465
2293
2203
5807
3606
2699
1906
1867
9809
5686
8319
4154
8773
4395
4685
6546
180
5641
678
4317
9009
7383
8154
1335
8411
7080
9204
4929
2482
7551
8096
9335
555
2479
8916
9246
6353
1955
6283
3465
7243
9575
7373
4889
1156
6518
9695
7144
1290
4765
512
74
1640
1150
658
5984
9594
6294
7567
6028
5364
7647
9822
1498
1870
3822
8210
7845
2824
8212
6390
279
1249
3484
7594
8489
5414
4950
2510
4642
4292
45
7452
3188
1
3202
1252
3190
451
236
3924
3925
1405
4047
72
2295
3518
3896
5270
6269
6577
3845
4191
1962
100
2000
5137
3274
6759
1161
6792
2054
2660
3187
9540
3647
6416
3920
5452
7361
7167
2888
8224
3952
230
2152
6723
2474
7882
1650
3576
7041
1952
4178
3288
9961
4340
1765
2736
1457
1383
6581
576
7803
8039
3799
1088
9027
8295
817
2289
4584
8901
7130
7785
385
4560
1824
6721
3390
4033
1084
6478
628
8298
6474
8301
7917
3820
5787
6902
9863
6311
2218
1280
6748
2905
4323
5500
5835
3610
8780
4948
4281
6081
302
5736
8398
1312
8250
2333
9287
1645
7437
1264
8031
6702
1431
6760
4570
7239
249
7619
3135
1752
781
3214
3708
5735
7464
594
3338
8872
2815
3898
3355
1191
2252
1966
8533
5203
5313
9915
2067
7414
5865
5736
5872
9221
7173
3483
9151
4187
3808
542
9452
5958
1294
7592
9491
8673
6122
6422
9910
9613
3293
2528
2844
2061
5901
6571
3658
4856
1460
1168
8571
3973
2622
7279
3982
605
5752
7466
9290
9686
9410
1697
8739
2573
6219
5042
9413
7694
5827
5597
1864
3360
3690
5285
7069
7663
296
5802
8433
1400
8073
6896
352
1307
8743
4438
5492
2530
2132
1264
1412
1229
8591
4672
3380
488
1077
610
4331
5272
9667
6110
4790
5118
835
8305
5284
6399
6164
512
1272
9576
338
3269
5948
668
6228
983
9413
322
5690
2878
3639
8324
8286
320
1433
6194
6559
1280
4161
5544
5720
6658
7398
5345
7651
2550
5831
6891
3975
7103
8803
1339
611
582
5662
997
6718
2490
5734
2191
4209
138
1192
4532
137
8954
2341
8636
3154
5972
3911
1979
6988
4461
7849
432
8402
9441
2782
1274
4492
972
2837
1964
4291
4513
8835
7831
2682
5405
3002
956
370
7591
4288
2008
2295
5044
5145
6569
8264
8062
2197
7541
3826
5585
2598
5683
6437
8994
5099
987
1833
2462
9825
8646
8187
9885
3620
4727
1095
8622
8413
8273
748
5881
8541
8547
3731
4414
9198
8405
5822
385
2279
7355
8876
7769
7731
791
4430
455
8276
5062
9024
5305
2823
1605
1389
6923
9260
7173
9623
7552
400
1366
7305
3639
7864
7118
1041
3943
7377
4572
8415
2748
5577
3877
4497
5743
2800
7817
7130
5433
8495
918
6058
7572
5958
7691
8632
19
862
9005
5301
699
3721
2255
1386
1863
9872
7910
7753
3756
1796
2368
1899
1939
7704
4555
2697
9048
7163
1669
6601
3538
9274
7648
449
5118
1385
6485
6174
8985
6673
1327
5717
8727
7045
9481
211
806
3774
2871
6134
1925
2019
3311
2521
4237
6985
1999
7564
2366
8825
3081
9967
512
619
1815
291
7532
8754
8905
157
2817
7854
3921
2694
6036
3042
2339
5870
9358
782
2749
1495
1667
5773
2992
6538
421
5487
6643
199
8335
5768
4092
9658
8866
671
5738
9815
6582
7173
8309
7481
5956
759
9166
8468
4835
972
7607
6818
6936
7006
6634
8998
1040
2161
3434
2333
3280
2542
1916
6147
2875
9799
6023
6152
1015
9860
8288
7443
7166
9667
4095
9169
7041
1705
8454
4376
1710
1767
8768
1868
7861
8858
3998
2966
5140
7373
7941
5038
7622
773
1903
5329
3008
2876
9954
3220
4911
7554
8174
6348
751
147
7809
6240
179
4252
1107
2032
6700
5627
7745
6683
8249
951
9237
8684
797
2903
8451
3652
2788
4619
1514
4474
7183
5959
9707
5669
2179
1209
9738
7507
1331
2866
1748
8078
8694
8975
5790
7009
4870
2102
9129
2777
5394
6496
8710
6711
3775
6257
5394
659
7656
1362
9151
2047
8096
337
7323
9590
8753
8020
1243
5260
3867
4388
61
3298
1396
5744
4430
5026
378
2681
6903
9002
9653
210
285
9684
8470
4172
39
4148
8154
4651
1869
5686
8014
1472
1036
5096
8008
9072
5668
5366
5235
8048
2353
3117
1334
8493
8631
622
3053
5882
3674
5545
8827
3707
5371
1622
103
8321
9354
2432
7267
527
3049
2131
6595
5334
5758
1571
6396
5988
3994
5561
7675
913
9791
7225
7060
2500
8590
8345
7464
4838
2403
423
5053
3407
3470
9741
9420
3532
3356
1168
7554
5949
2558
9656
1212
7240
6055
5412
1581
83
998
8612
4740
3250
3707
2149
6386
4163
4511
6428
4493
7386
629
8475
4183
932
9208
8749
9889
8500
4966
2975
6147
9819
9417
2999
9775
3194
1622
276
3075
4010
3545
7874
9739
484
6697
2128
2645
3271
525
2973
5410
8652
7201
2857
7670
6006
1885
7664
7398
8997
2358
9551
2269
6510
6971
797
6053
3720
5268
9818
5369
5914
1376
5352
6686
7664
6230
2479
3452
7784
1104
4633
8438
6145
1505
9039
6953
1857
7507
9113
2451
3589
3821
6299
7241
1886
546
5515
7497
203
3390
2942
3573
6082
401
2247
3748
6423
750
5466
1962
1105
9974
7793
7835
7338
5194
1294
345
3116
3334
1141
4864
1843
5105
9438
6992
1834
7625
5877
5560
3729
8953
1542
1546
6090
8489
2025
9193
4445
8278
8670
629
1857
1538
2252
5458
9761
6415
1696
2411
6220
4920
1519
967
5048
9277
5629
7068
3283
508
1801
8523
6417
6967
744
2533
460
3761
5964
9835
7423
7516
5859
7469
6158
4785
7404
4840
3584
6537
1612
5860
2310
5649
4548
3296
9421
9077
4087
142
7733
1479
1829
6814
5263
2468
1655
2300
802
5379
1216
1983
3527
1453
356
4817
2399
9710
919
7760
6710
9381
5697
5923
2631
8782
369
2794
1822
1767
1208
6027
7282
472
3057
832
8474
996
6603
4768
2471
6836
1359
4885
362
3465
905
587
8512
6230
9928
3316
2362
2949
8390
7244
6435
1996
6765
3505
7969
6487
7683
4179
3146
5240
3568
1267
4307
1571
6883
147
3715
1752
9460
6682
4435
5919
49
2033
1756
5597
4700
9498
9165
3650
2904
3261
1377
4422
3472
9774
3146
4111
8117
8714
6689
4014
7364
1926
2408
2173
3002
5574
7325
2159
3627
2849
3114
1281
4987
2008
982
4318
4828
7260
3744
3033
2723
8091
6423
6192
8985
5943
5424
9593
3153
5912
2947
679
1797
5053
7647
7724
7420
8245
4787
9294
5066
7145
9096
5712
956
7723
1416
567
7907
7091
5802
7008
5597
916
7240
474
9861
8550
1364
6831
4083
4230
6653
2431
7503
9150
6459
559
9798
1047
2929
6894
8638
5058
7364
5179
7090
2009
1930
3105
717
8088
5713
7583
32
2866
4106
8018
2531
1023
4237
6009
9976
6813
763
9947
827
9302
5682
3413
4739
702
3075
6981
5919
9756
4653
4053
4793
7074
4819
2694
2906
9529
4611
7087
4290
6408
2304
4192
7601
879
4736
3461
7291
6499
7481
51
8764
9999
3890
4893
2034
8390
2696
8157
750
531
1415
6215
8609
766
8078
6010
3171
4944
6975
4900
7878
7225
5028
8529
6664
9424
4184
4018
1999
3332
1784
881
6382
455
5237
7458
9406
2893
9555
6392
7300
3749
6277
8661
9591
5330
174
2066
7938
8689
5717
6682
5543
8603
8775
6761
1603
3943
254
5864
4200
4574
7449
9551
6761
2433
5793
7902
7752
6226
8362
8318
619
6294
3008
7600
1168
8667
7323
1123
2544
5016
9771
6101
3771
8320
1256
5367
6400
2407
5177
7887
5245
7208
5575
2320
3418
569
2379
324
8891
1771
9925
7020
9696
1519
9979
7064
7515
8099
3266
6105
4921
9647
4182
9063
9774
8022
1787
8609
1439
662
6455
9537
7353
2955
5614
7261
5244
5190
3908
1617
5805
4914
2796
324
3013
7688
2128
8
4425
6621
1544
6520
1776
3846
2691
436
2989
5117
4195
8076
317
2130
77
3175
5730
5780
8890
9419
3931
7638
5223
9436
5384
6178
7427
1589
6609
8929
5423
1914
2674
1669
273
4873
7271
990
2825
3286
9071
7154
2216
4721
9149
5
6230
8931
3190
1900
4629
8485
3909
8095
3432
2683
3669
6859
2813
3002
4626
8680
3822
6895
3892
6374
9419
5579
4209
5644
3485
597
6385
8708
7398
3409
8373
1954
7511
2051
7271
2300
8483
8957
4772
5901
6749
4487
3601
7160
5652
1363
2375
5632
8739
6298
8932
3322
575
6386
7710
5130
5033
9506
5005
768
9496
9951
7060
7306
9640
2758
9860
7736
3553
2809
6213
2378
5831
7674
5258
6825
1986
6379
1886
2182
1006
9808
8740
817
9235
2285
1399
3601
1878
8029
8201
2619
9379
648
9716
6760
4676
8601
9304
6248
3919
4655
5457
6153
7614
2756
8603
8277
1358
1457
9971
5375
5335
9051
7723
1641
9570
1929
6081
8614
7569
4290
6442
6228
4426
4333
5593
4574
6727
9308
5036
3171
663
9414
7187
981
1655
8402
8731
2248
3459
6990
8774
356
7282
3698
9618
4307
1703
6549
927
201
2378
8249
3882
3127
6428
6910
494
3263
161
4144
4690
3642
393
2481
5983
6063
8964
4419
3606
5918
7280
6153
8832
6315
2709
67
5863
6827
1484
1367
7157
2439
3392
5931
7358
3802
1987
8396
1079
803
325
1759
3723
7611
6271
2389
1247
8874
3348
7231
4312
3548
2760
3192
4630
4934
9747
2231
6462
2969
2767
9515
4214
7530
7095
6153
7885
9573
5419
2463
1673
320
6751
2544
7533
7350
1535
5973
4638
481
5245
7858
7792
9612
4940
4213
2659
1333
3261
5614
3360
1013
2184
8453
8457
2363
4462
9755
4648
6980
4152
8475
3571
2292
8875
3487
6076
7467
5530
6043
5
3367
8063
2392
2097
4439
611
477
1971
7522
1809
3103
6307
5016
6421
8880
4331
7594
8545
1328
1496
4670
6627
6036
6845
9245
4246
5522
989
7407
2226
1541
5814
1753
7018
4979
4125
2340
7465
4187
7235
8342
7108
3644
1230
8570
1991
6151
8058
9216
4559
3441
5939
2779
2700
2024
4654
2950
9239
3386
5207
6471
1252
217
85
4421
472
3293
9868
2248
5745
6783
4298
9920
5997
3351
1102
1059
7516
4197
3813
2630
2472
3370
640
4819
6539
136
44
4122
2269
7968
5081
1320
1412
3787
7820
34
3771
6518
7158
849
2396
9729
8235
606
4896
9107
9309
6424
8493
1937
2407
9217
2091
2327
7407
2061
2027
2928
5260
4613
9506
1171
5001
5987
6717
5600
935
4962
5581
5829
906
8220
7715
7808
3913
4431
6773
4667
5521
4419
4578
2196
2469
5415
652
7189
3693
421
663
6355
3552
2114
3082
3255
4510
4387
4911
811
694
3600
6728
7362
852
5963
4501
4909
9041
7045
607
9264
4061
4371
9356
3120
4130
4284
2907
4726
1583
9843
1960
6815
3481
7352
1811
2698
7928
5325
8489
9037
2636
1193
1538
7700
1804
7837
9707
2321
9731
4173
3348
8709
4775
1440
2617
2092
5200
9583
3712
8329
9295
6188
6347
686
5722
3782
4395
8548
6467
7
8232
9531
4014
9158
1669
1851
6385
2897
8587
9524
8553
2555
4381
8998
6398
5382
5135
2149
9852
2343
3114
7240
5169
5613
568
6371
2378
9792
5144
5274
2855
2051
9224
8844
3719
2906
2453
3722
276
1126
1352
7478
5090
3395
2491
2413
2427
1802
5940
898
9804
9935
3939
8276
4164
1459
5585
8834
8781
3392
2182
123
8448
9993
9384
990
4715
2164
1733
9101
9963
1569
2315
4414
9000
8313
5321
6126
9486
5922
2094
1929
8002
7647
1881
66
6851
3637
6977
6648
7799
9419
8165
2969
2858
2302
487
117
8973
3796
1202
1135
2976
2971
1543
4128
5565
7785
1342
3306
8200
8834
965
8737
4797
2753
8091
9771
907
508
7836
1530
6646
9228
3491
8672
6064
4884
1689
5670
4897
7129
239
8309
637
6911
9008
6770
3756
2095
4308
6716
6560
6261
5008
1133
6631
1085
4262
2316
5110
3275
4178
384
6185
2894
2014
1927
3036
1097
5559
53
7261
1771
2247
4922
3303
3432
1239
2133
6781
4783
226
4822
5795
9822
9032
4159
7217
6109
216
2122
5832
2859
2831
9841
2737
3907
9257
4621
853
4257
6595
8803
9639
7937
3493
4068
8110
9184
469
5449
5150
8589
6814
393
8738
785
9984
9510
1220
494
3998
7326
6035
9293
1844
3305
2387
6369
3124
5683
8322
2649
2257
3251
9333
9267
4444
3115
9219
8050
6286
5675
2225
3900
5465
1608
698
6330
9216
9446
442
183
4457
6519
6762
3599
3386
486
7790
4690
7115
3440
8096
7040
6487
5689
4811
8154
3604
1681
556
4288
9788
6287
2280
9701
5713
5656
2830
8309
7268
3206
2498
972
6338
7968
1135
2177
9142
9447
7479
5791
6036
471
1296
681
5739
7035
5635
3560
3855
2114
1060
8162
225
8570
1058
7020
2190
4842
7999
4504
1139
5930
2002
7572
7869
1345
846
3689
8219
1144
7669
3795
4213
957
4626
1826
7502
7001
4890
1343
1293
2471
2425
4078
4159
7410
8824
4875
4095
5189
9154
2390
4062
69
4248
5191
847
1962
5153
8443
7542
6465
6566
7226
6208
538
9997
8734
1323
6758
4123
7076
6565
1996
9347
1217
7105
9583
5927
8722
7153
7542
196
5390
7783
9305
1390
3601
3229
7489
2373
277
4758
5772
1175
8707
24
8667
6643
7184
2338
4102
767
1373
8708
9096
2263
6671
7690
4548
852
1401
8079
1173
9346
1639
7333
4965
1124
3711
4218
7192
3877
947
3634
943
6602
7160
2829
3460
5739
482
7293
1121
8077
7708
1489
1825
2601
1081
4297
7736
781
6587
1541
9882
5016
5243
8305
4937
7873
6640
1852
3655
584
7010
1956
9912
7865
2496
9158
9051
7523
1971
3071
4358
7562
2737
2237
858
518
6766
4217
6344
4643
4730
9623
601
4175
35
6627
5088
6463
5289
3089
7015
1954
9207
1935
3710
4198
2821
1633
5447
916
42
7717
7482
3913
9123
3189
4971
5152
8359
5303
7624
8678
1511
3788
4500
3222
5842
842
3178
8309
8414
6399
1682
7483
4350
3101
6007
5859
4124
4173
880
5637
5645
3964
6448
2438
858
5319
9020
7358
5947
115
9673
4490
8783
9339
587
1352
7236
6880
5277
96
7195
6850
5575
699
9705
7708
5151
3436
2484
7708
6662
6824
2293
5257
7169
8993
1081
4683
4417
4956
699
2573
4727
9603
8021
2386
1814
6427
4801
5334
4680
4957
4313
3694
1847
5653
9879
8632
8713
9655
8760
8392
4536
2154
8578
4281
5677
2412
2406
1255
2114
477
3006
7110
4948
520
6268
9304
3681
3345
8890
1234
3324
6160
5520
459
3115
5913
6204
9771
521
3684
5791
8313
6531
1464
3179
3982
793
9441
9741
261
8074
1404
3110
316
720
8276
4584
8699
5335
4909
5884
6326
5704
3287
3711
7532
8187
6063
8621
8947
210
7942
8093
8711
7318
8864
2369
1098
9290
2167
5611
6024
1256
2917
4246
5095
1436
6501
8990
5871
3179
5193
6952
3845
5289
915
5495
7253
1291
5691
63
3307
5255
7404
4056
5686
9057
7363
29
2180
3561
7952
7978
8295
4091
3136
8271
7310
8790
1968
3919
9776
6974
5417
9312
5790
3436
9798
271
1496
3804
5888
3346
7221
5517
1410
642
8415
8758
5982
155
2118
1784
1865
570
1094
5460
870
3801
4938
2570
7658
8161
2488
8440
2313
9991
2700
810
550
1797
1762
8481
8237
545
2683
281
7968
581
9860
8130
9379
1868
5170
587
1609
5694
4051
6172
5853
6845
9717
8944
8311
3313
1163
2363
8992
2083
5930
1297
9825
2264
1764
6183
6313
4888
2213
7801
565
2071
9987
5934
9965
6924
8482
218
4959
9566
6235
6946
1497
3943
1299
1259
8485
4720
2502
194
8318
3508
2425
8420
9000
8866
2519
5102
9673
5132
4257
7336
7470
971
1474
2839
2521
9725
8117
2205
9691
130
2503
8886
130
7794
3896
3324
3112
4931
9713
6159
8773
8277
1998
4257
5356
2876
9930
2498
353
2454
1083
3693
3541
5502
7924
8777
1322
9828
7580
9529
6010
7378
2330
6458
741
5397
5437
5206
554
9637
1976
5857
2828
245
7102
855
5758
1215
4876
8919
1858
9835
9191
4272
4535
3442
4583
2791
9754
6952
8842
9284
1487
6178
1148
2975
9227
8685
9213
1519
8163
6128
6403
7364
7812
9375
5107
4147
2841
525
5805
4934
660
3942
2202
8600
3911
1824
1547
5393
2431
8495
5867
7845
8489
1591
4187
8571
1134
7656
8030
2216
333
4232
2503
4841
9280
498
3076
367
3686
3743
3814
359
193
9512
6267
376
2138
9135
9477
3415
9817
9533
636
8535
4111
6696
2811
677
6903
6010
857
5877
9059
9765
9144
4631
6886
4568
5041
4970
1007
9171
241
5989
7340
6244
7963
2013
8502
10
7814
7365
5345
5341
1673
1791
2603
2912
3355
7006
9615
9287
1979
5507
6993
481
4015
3869
2745
2428
1775
4041
6828
2050
6754
7823
1438
8175
4696
1676
5411
2430
5488
1278
5034
6396
5071
7830
310
2819
8465
1028
5230
5494
2647
6819
3004
4516
5592
1581
2311
1067
3070
8217
8669
8629
7935
3794
5762
5569
7599
2827
5204
7424
4133
5073
9610
5886
8016
1811
3096
5482
934
9946
5339
8249
5226
9029
226
1336
7597
2288
7737
2379
2514
9101
8223
2744
6373
2999
1525
9302
6933
6259
9456
1258
3802
9402
9125
9726
4814
1509
6280
4271
41
5180
2402
2408
9850
8148
6627
5186
5964
2113
3751
4424
4762
8177
2543
4882
247
7423
4371
7747
9990
4646
786
139
1175
3005
75
9060
5414
7473
7067
7186
387
5341
7493
2204
3567
2770
8053
1033
8299
7379
6024
5185
5315
8227
7718
3760
3416
6174
3368
6157
1488
9578
7161
7411
276
2567
5019
5279
6438
5696
9478
9677
3238
1713
549
1881
1993
2366
3794
3020
5847
5718
2036
8833
2794
7249
5059
392
8008
2205
2503
8548
6477
1102
8707
3248
5685
5067
4703
7522
4700
2783
1784
9969
355
6228
3106
8829
3461
8073
4637
5405
7950
9671
4447
4483
3714
4868
9778
4667
9506
1547
4676
2092
5737
9768
7010
6857
8249
2633
2670
2694
3236
3611
6434
6879
339
1946
3550
9216
5671
5985
3422
6015
9014
2792
6967
7454
9765
1256
2172
4416
4337
5036
8194
3991
3677
1163
6928
1173
3296
9897
2387
7968
9829
1501
2491
145
7466
6037
4859
6128
4843
2945
8100
2193
7969
8252
2725
3029
7578
8549
1302
6985
9959
2542
5767
869
8738
2959
894
53
1350
3846
6862
5803
8033
881
560
3243
3023
5252
4846
198
7365
4836
7289
9238
234
9945
5137
2717
1010
4758
1177
3312
7450
9695
5997
655
6292
4448
5725
7981
1341
6178
761
1446
699
2450
225
8713
9150
3909
8903
2746
3941
7372
8330
1362
2178
6085
1274
3008
5913
190
9433
4494
6595
7117
7378
6966
4042
8587
1928
2257
6318
8153
5031
2948
5999
852
9971
5977
5175
4367
5250
1410
6248
9388
7846
5131
8085
5317
7736
6638
7412
6361
8518
860
3474
2151
4788
5996
9923
6536
5503
7698
1664
7950
4013
3668
5954
4830
9627
1666
6452
6
2670
8282
6082
8631
4795
5414
9614
5316
9014
6345
9679
7415
9371
3547
550
3084
8482
5894
2504
4705
2258
3836
5807
515
5068
7288
7459
9904
5289
2439
5701
705
762
543
7007
53
6032
3828
7766
3891
8368
1131
8212
4035
7605
8568
9258
5881
5586
8656
3884
4285
4606
4615
3434
9922
694
5320
5804
3529
6755
307
6842
822
2681
3598
8509
6601
4358
9693
7343
2590
1186
5021
4604
9865
2187
3386
5092
3412
4094
4504
5098
3299
879
587
1205
4220
3141
7117
708
2765
7459
453
1339
9670
382
6709
2645
2506
9086
3468
3913
2802
862
8322
3826
421
6622
5986
5190
7179
9359
8777
4012
1137
7130
3609
5960
2788
1536
2380
4835
4438
6896
1558
7030
4498
2365
1134
3192
9078
9087
2707
3270
4361
7160
1383
3994
4510
2632
6449
8429
1546
3089
1307
5728
5599
1443
4043
5441
6191
1499
6173
4824
7816
5562
8619
9472
5968
3919
756
7300
2992
8358
503
3404
6651
7085
858
8652
8147
6342
1021
8004
469
4840
8313
5480
2435
736
449
1498
8531
7261
6426
4817
9762
2379
8275
5776
6134
9866
5222
9641
7084
4068
6435
8955
2208
8252
8459
1544
965
6954
8688
6523
6719
6012
6780
4040
7390
73
1786
5803
2304
6288
3950
2479
2411
4629
6627
943
8920
9807
5577
9059
3640
7124
17
8181
2821
4755
2223
3889
5139
7939
246
3594
3618
6341
1344
5612
737
4465
2109
8066
5747
6394
4947
7526
3330
385
9560
6705
3101
5860
2396
7719
186
5218
6641
2421
8141
5535
266
4157
6796
708
9876
5907
9262
2893
3680
8237
4326
3178
7764
6745
2698
5366
6015
2751
8187
3447
5568
2862
7776
2914
6423
2762
7778
8394
6032
8055
6782
5251
7048
343
9934
801
9214
9828
3250
1560
4384
6691
