242
400
399
687
198
861
464
560
972
639
506
404
501
768
883
81
801
872
708
509
989
987
812
171
570
413
757
148
169
857
236
341
175
195
580
233
439
744
183
274
978
60
591
731
897
949
670
636
115
530
754
281
281
910
913
569
237
289
511
407
708
54
53
249
471
781
905
828
113
827
836
128
633
638
513
603
559
746
0
746
979
871
26
138
818
531
324
239
37
13
570
294
891
625
567
921
292
667
131
103
371
682
771
578
765
133
668
849
812
827
643
336
780
72
764
516
520
767
8
247
432
387
921
852
410
58
526
964
570
772
834
565
855
98
175
142
307
607
249
390
686
668
200
426
348
153
260
46
740
83
519
183
684
238
120
321
630
261
792
325
413
862
940
804
640
297
643
883
747
431
857
7
911
336
735
181
480
546
524
889
317
827
696
768
443
542
20
26
707
468
104
461
749
236
521
943
407
406
999
146
853
536
345
354
158
520
662
207
711
903
201
308
881
833
616
718
579
808
752
519
952
394
84
764
227
666
834
348
876
176
368
543
623
910
926
228
535
815
879
101
343
164
731
506
412
261
784
850
274
693
950
971
454
647
499
235
370
587
609
575
486
949
496
189
504
353
524
87
328
253
147
247
715
868
769
697
42
693
579
445
358
888
229
815
946
380
767
402
967
534
592
579
327
883
324
185
854
474
377
811
996
86
730
863
731
718
849
439
114
478
957
861
891
238
911
636
923
201
716
500
728
831
331
167
319
418
804
357
649
948
887
722
413
819
275
304
634
393
296
214
484
327
390
386
7
118
7
310
9
331
595
888
185
528
222
702
646
997
979
236
451
11
728
854
359
489
946
602
28
612
394
254
81
157
65
356
997
63
437
403
580
9
330
724
834
591
792
55
431
34
295
299
613
213
191
461
268
201
810
271
154
448
802
623
708
186
334
510
646
641
518
805
625
149
37
888
541
341
245
813
672
136
177
453
749
421
794
792
218
908
468
350
415
891
216
543
100
277
402
603
820
579
680
625
869
252
773
154
190
139
248
732
420
573
852
768
438
66
129
103
174
445
939
705
149
660
284
976
232
535
281
268
306
139
454
333
143
556
555
613
579
332
973
437
209
994
416
462
193
649
968
925
482
807
799
573
655
272
775
454
870
149
982
120
892
746
690
151
995
449
610
349
577
431
388
382
739
402
157
141
667
487
614
581
614
687
556
360
466
347
990
152
379
487
965
123
713
861
44
693
565
124
888
356
512
558
795
50
806
370
127
279
118
717
503
951
156
255
291
694
874
179
428
225
781
444
831
199
830
109
697
860
699
485
821
715
833
132
619
410
481
510
964
959
122
545
58
491
57
191
539
716
705
545
704
380
55
33
270
83
70
654
339
978
322
308
330
17
0
804
453
618
544
197
960
850
530
751
791
495
119
965
422
633
341
771
708
712
698
232
258
443
115
827
393
193
48
644
85
34
636
652
341
974
159
535
387
453
686
435
656
620
740
375
34
512
999
43
26
778
528
75
503
230
835
998
492
110
57
477
14
640
931
614
327
124
811
579
64
577
885
19
649
643
909
321
77
331
251
974
603
925
741
4
141
296
878
705
210
684
208
636
59
990
283
178
234
515
483
801
179
79
86
501
664
484
447
845
739
275
799
413
655
876
214
455
683
250
506
32
36
365
408
944
190
938
206
322
714
99
87
815
364
850
874
955
593
470
501
408
832
285
502
512
841
553
65
710
210
572
679
228
605
488
230
634
660
711
473
701
534
289
146
344
12
47
673
278
682
852
289
425
177
854
650
40
669
157
455
987
820
969
397
590
172
912
785
0
513
831
519
85
113
157
724
438
849
581
204
196
128
574
91
46
234
79
484
941
169
500
645
787
323
990
285
585
341
917
832
304
345
291
87
50
319
898
605
947
759
851
203
513
936
284
491
188
987
952
977
154
803
580
301
488
192
881
428
229
43
339
154
940
315
972
134
912
501
524
727
240
849
731
377
611
21
606
875
819
80
915
852
674
634
414
51
191
753
701
458
709
764
968
174
832
396
324
971
922
787
823
860
171
776
804
619
202
558
655
168
489
198
652
862
864
738
114
290
812
634
679
896
262
20
186
821
100
893
281
671
697
617
565
536
305
315
847
471
330
588
802
832
110
702
143
312
20
869
219
236
430
462
823
731
301
89
858
649
961
195
438
715
915
539
953
235
382
183
567
831
620
867
693
107
994
514
954
831
184
375
271
233
877
811
786
263
788
983
475
206
887
789
475
888
249
243
325
807
42
106
587
923
