3901
4864
2571
2528
642
1237
3969
2008
1047
1823
3239
1563
2954
1965
4852
947
4330
3401
2741
3272
86
2563
4120
2181
2795
4297
579
813
3945
725
3397
2500
1761
3260
2537
2760
3564
2969
1516
3144
347
596
3182
4960
3498
2538
4452
4685
3630
2997
1222
3162
4038
343
2994
2289
1628
2439
259
968
1076
1318
1271
1557
3564
2138
3700
3906
4703
4781
547
1348
2132
3799
3844
1681
1875
3695
3920
1275
3709
1649
1414
1898
4723
3908
3821
2795
1720
4987
3059
4809
2343
759
458
4070
1623
2247
593
4892
148
1661
603
18
2213
808
1984
1302
2113
4505
2355
242
4204
3036
374
503
2497
3028
2794
3753
3296
307
3644
627
4869
1483
1646
666
1184
2982
3284
3364
2528
2240
373
2297
4215
593
2611
432
639
1166
2326
2329
659
2711
579
2926
1677
1923
846
2986
3778
2244
3718
3106
2005
1512
3482
1376
4182
4148
4959
4406
3672
711
1686
2442
1152
3797
4382
1740
1752
4242
1665
1183
3900
485
3133
378
3829
1804
3259
3090
4972
2819
3049
2971
4430
2317
0
2946
4246
3975
754
505
3517
4998
4744
3446
3238
1059
1243
4235
4348
2135
1528
1287
673
4068
2223
1923
2303
4663
530
4673
1518
1182
1737
2898
2498
2920
4297
2391
2952
3374
2839
2764
273
1177
4616
909
1958
2588
328
4795
4892
827
687
2146
513
3956
832
1323
3022
3324
486
859
577
3810
3736
4660
4839
254
3464
1814
2332
1460
1747
3373
1831
4141
3978
3164
384
3993
1103
943
1640
4854
1091
3720
3883
4569
2695
123
1512
2730
1646
3032
2774
959
1622
2535
3207
767
4756
4457
3624
2304
3965
4320
3428
4520
2099
2645
4743
3351
763
4876
117
4541
4661
3112
1549
1637
504
1997
1195
2492
2838
2831
4391
4362
2619
2961
3579
3281
3024
2014
2280
2953
758
2362
1553
1853
80
3510
2235
4540
873
3745
4838
4483
1345
2498
213
838
372
3337
2920
680
4063
402
812
1182
862
434
3500
3095
4388
3192
4219
2692
3259
235
4113
4005
2348
515
98
1807
271
1180
2281
3273
3419
3317
4389
2687
2534
90
753
3870
3606
3891
1211
4210
924
4663
687
2345
1169
3517
3334
3551
3799
4123
1841
2834
4391
4133
928
598
4206
72
113
4489
1041
1699
4536
3676
3310
856
4010
3434
1405
193
4496
3315
2582
3977
2875
1608
3058
1398
246
2074
3490
2374
958
1112
1748
1930
4245
4633
4739
1600
2662
3922
4046
157
1438
3654
3313
1223
546
3087
3660
1947
1503
3146
1840
4975
3915
2759
4551
432
2309
2331
1057
465
2084
694
248
1184
4311
4228
2386
508
2638
3059
6
513
1832
4472
1904
4362
1286
2678
3703
788
3437
2082
3200
3428
1124
3079
3621
2966
4861
175
2923
2218
401
1939
2502
2756
4196
872
4014
1634
4115
3812
3527
3092
287
4870
2901
2862
1020
3240
4107
1838
1563
2430
3179
1436
3883
608
1644
4908
3738
3764
4543
2267
2062
4372
639
1217
1097
3054
1984
2690
1744
4503
1801
2149
2339
1610
1538
1828
430
3275
54
4457
3153
1878
85
829
3486
755
4580
1783
4018
313
2984
4771
1851
3611
296
1216
2906
3335
4553
3288
1234
2091
1410
2556
3864
1867
2675
3217
4381
1305
3947
4237
3672
1192
32
2821
4237
4153
395
1046
35
4117
758
3382
2097
4531
859
101
1025
1675
2512
219
1074
659
1376
2740
1715
1867
249
1430
1456
4664
1277
1253
225
3170
4213
3913
801
766
2741
637
1628
806
909
2461
2835
685
1950
1796
4435
9
2086
3982
505
1141
2463
3861
596
1775
2991
153
4744
4542
2732
4557
1248
2839
2422
3047
1802
242
883
3797
1650
2862
3342
4542
3215
4971
1167
1919
12
3070
4079
1563
3745
2303
2728
252
1193
1830
1377
449
3871
2276
2567
2927
2451
3907
2822
7
4670
3526
871
123
4717
1379
2408
4050
4163
1555
3075
4157
4097
465
4269
460
461
2981
4325
1101
4559
4736
840
95
3292
1899
3217
1862
4010
1462
2965
78
1743
711
2975
2878
2221
4079
734
2266
2296
4034
4443
2883
310
1
53
3966
2497
552
1554
3387
2735
4295
1225
4180
1825
3930
1156
1830
4006
925
2067
4941
2611
147
352
2552
3578
4570
4312
3541
79
4861
732
2034
3622
2261
3341
2693
1842
676
165
1064
639
303
2501
1935
3435
421
4020
2767
3126
3244
4523
4834
2718
3795
3982
1671
3737
2864
3825
2765
2237
1008
3840
231
665
1425
4707
2352
4857
3271
2910
493
4189
4677
1714
4836
4273
1248
3964
4820
594
1352
4681
1950
3212
3837
3838
855
1931
2135
2236
4082
3418
891
1085
2149
1309
2350
3779
2784
2747
4745
1341
2133
4687
3851
1200
936
960
1656
2279
349
1375
2862
2861
95
2037
530
1317
1130
1688
1736
3618
851
2101
2535
448
1141
1470
3893
887
3234
3288
1480
3867
3467
4447
2412
3038
459
127
1055
257
2169
4608
4018
2626
585
1290
1313
2913
2488
2078
1457
3235
1872
762
2994
2060
3111
2184
3487
4957
3880
3794
4561
51
3194
3674
2983
4764
2640
4195
3060
1305
3051
3303
4897
4303
4407
814
1163
147
3692
226
2042
3881
3840
2280
4019
942
1633
4922
2964
2659
3616
350
760
1166
1661
3598
2368
1323
3817
3417
1788
4306
1468
283
857
4752
616
3048
4203
743
3341
59
1950
3456
69
2601
3979
996
4326
3156
633
3799
4073
3275
4764
1993
2545
849
3934
3281
1773
4159
4402
3239
3590
375
239
3389
991
4126
1556
1054
2178
2317
365
3805
457
4647
1028
243
476
179
4605
2969
4903
3854
2659
3875
791
3090
1250
1281
1322
3440
4903
3039
1534
3854
3316
4454
939
1227
454
4738
1645
806
1464
798
2698
3481
2525
2311
4905
3172
2365
2438
306
2309
1661
4019
1796
894
2977
1752
1154
4719
4175
1712
2859
1135
2492
532
1647
1171
4592
2688
3701
4902
4926
662
4749
2714
704
4174
3096
3518
1601
1301
1806
2021
1098
1047
1842
879
4004
3866
1926
4925
1279
3700
1315
3714
3758
2325
3484
269
737
4205
1874
3306
2695
2567
3550
2167
4588
146
2563
3375
2277
871
2283
5
4639
1795
4783
81
2834
2749
599
2750
997
4496
3839
1361
4383
4672
658
420
1583
4426
3574
4049
1995
2456
4984
1786
3166
2115
478
3487
4959
1328
1249
3634
3778
4371
4975
1590
224
3934
1033
3181
2626
1505
3801
565
1873
3817
2117
1465
4856
3002
3654
749
4590
3132
97
1797
4805
1033
2535
2258
390
4614
1374
3612
2565
2452
1466
1426
4075
4073
825
3289
20
1162
502
4223
4165
933
3703
4777
3675
4024
4215
112
2297
585
2562
4121
2921
4659
3078
1064
316
3575
1272
3198
3587
835
3429
1672
562
2894
4404
4260
2889
2296
4922
2582
1081
1891
1552
3118
3152
2199
669
690
3750
1581
2394
36
2900
1543
1473
823
4559
2361
4520
3678
197
2244
1844
4850
1531
1407
2363
4689
4337
741
1717
434
2026
3280
1755
1733
3254
278
4050
2884
2413
2492
917
4084
265
1269
4726
4813
4344
3068
4942
1093
2
377
2434
4555
3128
1367
2062
109
4659
202
2463
560
4939
4680
1254
698
2908
2731
4569
202
841
4380
1982
4237
94
945
1359
2736
1875
3638
3138
4207
4586
4209
4853
2332
695
975
4458
3780
1385
4371
157
3415
1494
2176
4996
3522
354
677
1427
1759
1193
4327
4429
3303
2692
2936
1530
1040
1157
1997
4257
3734
501
3545
3113
805
4902
1843
2201
3726
574
289
4963
3078
3548
3139
4342
1994
4758
3057
3872
1036
1997
3024
803
1592
507
3862
3407
4482
75
1460
2031
2812
1487
818
2277
3063
4134
2196
3976
1020
4355
2961
1207
4442
843
2236
1715
2280
4062
4062
3513
883
1158
3598
2323
825
1300
4831
788
3949
3717
2368
4050
3724
1965
4148
1388
3281
3135
1335
90
4321
4727
1221
626
1653
4957
3707
1503
2275
4093
1812
2873
4773
227
1698
96
4294
2566
2930
1974
523
3948
4989
3292
875
1761
1636
2655
3607
2889
342
4314
657
3596
4845
1866
2808
4500
4884
2218
199
3922
3279
207
4310
4908
1829
2583
3275
2199
3965
4889
799
239
3661
900
12
2089
1921
1888
2289
1762
4038
1977
2466
4074
2916
1225
893
1571
960
4893
4446
2465
467
552
2982
1823
4933
4313
4687
412
1449
3458
3453
1739
2187
211
3702
2783
977
183
3056
2885
4194
4303
880
3021
3437
4657
978
4451
1011
2738
4683
1346
2837
3045
1164
1526
2220
852
7
2911
1844
223
2060
601
483
2034
3049
780
170
1855
744
2799
3983
4002
258
4839
4198
1010
3657
1559
266
2043
4199
3996
984
4476
2376
2763
257
17
427
305
1045
215
4157
1557
2473
1180
677
4849
558
3625
3183
1336
3697
2114
3977
1515
4888
1532
4744
1647
3628
4332
3505
1017
1565
4103
788
2988
2295
4342
3268
3784
2124
1083
1567
2745
232
4237
4944
1573
3440
50
4320
2760
2694
1097
1467
3918
459
612
1210
256
444
4766
178
1781
3474
4708
4971
121
858
4793
4637
2031
4319
4456
1962
2781
4382
3600
422
2582
2160
214
3603
3152
2617
4168
1494
4339
743
2779
3383
2410
526
1796
4964
2295
268
4908
2906
566
1568
737
3345
4395
3270
3576
1681
4088
743
2753
4619
3031
160
658
1609
4053
1843
895
1700
289
1312
950
3381
1572
1421
3067
4125
4299
3847
2713
3237
3469
3237
1154
1062
307
2512
2159
4798
2467
3219
2789
952
1335
280
4565
1925
2346
1198
4037
4387
4539
596
926
4812
4840
1930
2569
3040
627
4380
339
2777
1236
4191
2105
3730
4953
1210
4527
3441
2925
2953
197
2969
151
310
2196
4278
1395
910
2636
3554
1417
3246
2140
3714
4399
1883
4043
1047
1813
1478
264
259
1288
4863
446
4225
1189
3154
1972
4354
1750
3715
884
4827
3604
4790
2575
3912
3436
3819
1354
3181
4351
4747
4651
746
221
3155
634
2550
3948
1626
2538
1349
4083
1616
3796
1269
2711
1992
384
1721
4836
3552
458
3013
774
3067
1420
2222
3211
4834
1072
1769
4660
2285
2395
4632
4015
1938
793
4362
2783
1855
3347
4891
2371
1832
1752
4588
3477
2724
4120
1230
2258
2683
753
4316
426
3591
332
3633
2857
1645
719
3125
1604
1859
2682
1851
4427
2263
432
4306
4090
4673
4815
419
1709
246
3355
1324
3370
4440
1128
390
4096
2642
2607
54
1990
4470
2226
3727
3045
1674
375
3393
3673
1645
1939
2584
3491
767
1325
1063
266
4239
1070
1911
2228
1523
805
3700
122
4306
4314
98
2511
1676
4894
1546
2793
271
3021
3625
365
291
602
4348
1133
1612
2712
2903
4328
2719
763
271
3190
3789
551
2789
1638
4097
4426
2925
2482
2810
4173
2461
73
1391
4800
1836
1542
71
4565
617
965
263
3043
2928
4819
4386
1908
3212
98
4284
2458
1871
3328
4318
4567
2181
4496
251
3886
4361
4633
243
2653
4857
4331
4644
4349
3665
3053
1760
3831
42
440
2472
2255
2019
1180
2362
297
2943
4198
1048
3695
3712
91
4500
2108
2419
2720
2451
658
3930
1862
4447
3280
255
3642
4692
3188
3696
4234
2593
3341
3417
4968
2864
3805
2493
3571
1071
3256
1497
1714
2788
3735
1391
3444
1868
904
2800
2346
927
1738
775
2480
4797
2532
3786
4247
585
2606
2990
1318
988
2860
2818
3698
662
3611
1495
4800
3794
2768
436
2119
4491
3468
4360
1756
242
4735
4586
1544
2511
4611
1176
989
2443
2457
553
3590
3815
821
3725
3339
4584
2322
1509
2389
2825
3528
1978
920
2424
666
1923
3226
3624
1320
3269
911
3404
1989
2262
4882
713
3466
3706
2504
1800
4550
4705
4901
1208
4503
2172
1870
4539
1021
820
3294
4752
3196
3488
1272
4582
3134
3421
1387
3659
402
3566
4665
24
473
1039
3836
2060
1663
642
3417
3287
4869
4751
3017
4070
1556
2920
2001
1079
3044
3283
1303
2241
3124
4202
4782
1982
1450
3627
2942
3837
1915
347
1250
4838
3472
611
3555
3677
447
632
3320
2316
413
129
1458
3584
142
4346
4569
308
3951
2004
1326
4700
4035
4212
2501
43
3989
4674
1921
193
4803
4455
1230
1076
2060
156
871
2117
3915
2599
3176
4530
1741
4021
749
2455
3962
343
4644
2250
3718
1300
1935
4603
2455
65
1403
3755
4461
562
3994
2826
1657
4823
1611
4136
3657
4597
3565
3451
234
908
4729
2293
1843
2423
3004
2805
3785
3290
1257
158
914
3572
248
3195
2555
544
4425
4792
1419
1861
1668
4418
868
2082
1194
1513
1841
2100
878
4592
4101
1771
1183
2433
1267
4462
2740
319
225
3277
3380
1064
3138
2443
3066
2458
4239
3709
1765
4879
3995
1646
743
5
30
3402
2184
3974
2405
2835
271
885
465
915
4115
223
4484
3962
3961
4641
2769
3580
2163
2577
3707
2129
4267
3309
2491
179
3422
403
3907
2694
3007
2999
593
3594
3044
2987
669
3976
444
4940
4488
2488
1645
4628
2516
2262
3479
1016
58
2382
4410
942
4584
3076
3437
66
2959
2672
2993
3277
3699
924
190
2456
3768
2456
2602
4394
40
959
592
1709
2765
4222
2859
4792
1806
2283
489
3192
1409
748
2314
333
570
3836
760
1152
3798
1787
2716
3058
1242
89
4159
1599
2677
3377
410
3343
1818
4985
923
4824
787
3844
3470
2775
4338
3847
2397
2559
4602
1850
4436
3412
4731
4199
3157
1054
3764
3045
4763
309
479
2721
3376
2585
763
3179
3347
461
1259
1777
4418
4180
1658
1738
2743
2544
4012
243
1892
3549
4902
1436
2937
3127
89
4572
1671
3531
1550
169
3784
1212
3422
2320
591
2532
1433
3221
3478
4279
4884
1583
4842
4765
1060
4853
1665
214
4267
1044
274
280
339
4562
2062
766
2553
1607
107
1073
1382
4626
704
3434
3401
1800
1794
781
3971
1743
2159
4916
4035
431
1012
1746
3468
1868
2356
533
1948
1176
2026
4449
3236
3555
2868
257
104
84
4921
606
4853
1410
2761
3240
4560
3178
1420
2424
686
2470
392
3997
4691
2635
2304
1800
4620
4603
3749
4625
2433
1235
643
4483
2991
2246
4206
3720
3230
1040
1352
455
4021
1079
4807
3861
2603
3518
3793
3069
318
4456
438
837
3522
4549
420
699
228
676
3500
3978
1003
4050
704
928
98
1438
4955
3268
1613
1149
815
3546
744
3042
1847
102
1794
2123
827
4864
2688
3183
3663
4863
201
4572
2399
2140
946
2418
1159
683
464
2509
1198
3102
1431
632
2501
4062
2057
3348
4538
1869
2276
92
2833
4211
3199
3980
981
3768
4606
2914
4654
4293
964
4404
4878
2832
3585
2032
2594
3923
20
3619
101
1983
1773
999
2468
3609
2681
3724
3448
2183
3104
4195
711
2992
4190
4446
4454
3067
2019
285
1571
1062
3419
1549
4607
3825
3580
3007
653
2713
394
3827
199
4358
1590
4606
4702
2316
3346
4638
4309
2976
3040
3525
3714
1169
4185
198
4637
3148
3420
4162
2752
1999
2603
3072
211
3095
3706
2774
2087
4890
201
585
1165
3221
1061
4887
502
291
2344
4109
2109
2671
1560
753
2903
999
1650
1420
815
2520
4496
1730
4576
1254
3296
599
204
4378
4042
1625
718
2349
3569
169
2881
4414
357
3369
1098
396
4333
1439
3702
4087
3401
2578
964
3141
2345
248
2115
84
4034
848
559
3975
3579
1581
2249
2251
3188
2864
1857
2537
4012
1748
17
4524
1172
2644
2386
2545
4519
4098
2691
143
394
515
2253
3762
3817
461
2704
3651
1075
3649
1722
1233
4641
1790
3672
3466
731
4228
2975
1188
4552
2698
2855
30
4494
593
909
4260
4089
850
565
819
4559
2935
4085
2910
1156
3423
3246
4715
3315
1381
3188
1200
1841
4077
3226
4532
959
542
620
1314
4091
170
4363
2697
4641
861
1088
2472
1903
1137
4092
1363
2446
3346
4283
4124
3982
277
3596
4474
1762
514
2043
1577
2020
3380
4101
552
2831
2630
3588
3446
32
3910
3521
1223
4534
4577
3701
1570
2419
704
3952
1749
724
4931
4969
296
4699
389
1753
1097
1635
83
1445
3269
2055
2973
3190
298
1187
2482
2339
2119
2152
323
4895
4130
2229
3333
620
2705
4886
3482
4627
2386
3023
1336
2610
791
2989
1035
4058
3251
4519
290
972
311
3671
1976
1597
2554
4219
4658
4669
3616
2726
2794
4467
3918
3693
3403
786
4344
3774
4718
538
1074
3026
3702
4310
4807
1560
3347
1649
4863
1769
2351
3237
1049
4502
4107
1407
3689
2185
3953
2626
4954
2895
3251
1703
2451
1833
1218
2446
4064
457
352
3431
1214
3805
3955
354
989
3143
4506
3153
1148
4165
4593
1741
560
401
2688
3689
1499
2374
4307
681
4125
291
4987
2882
2609
1774
91
1631
1615
1153
2652
1020
1263
3420
4341
3004
3297
3740
1182
3646
875
2810
4807
4979
4336
3996
1900
2769
283
320
3969
148
1583
2909
1724
674
1182
2388
3189
1888
3211
1105
2088
1866
449
1750
3211
1542
3116
2117
4229
4846
4890
1289
3843
1795
3205
4501
4287
1734
2182
2275
1901
4850
2985
4226
2932
4959
3015
4072
2758
264
2089
15
466
1525
718
3593
2059
3563
2624
557
4625
1566
884
4069
461
2995
4511
3778
4512
4199
4755
3917
449
3040
3183
4578
395
4906
1401
2777
595
4533
306
3730
307
4926
4954
3001
3806
2518
4402
1854
665
4412
4417
1152
2426
4193
4540
3644
4359
2322
4819
318
4245
568
1457
3777
1030
2299
4731
285
4772
1681
1795
2177
476
17
1426
3872
2337
1512
2304
2558
1404
3737
1185
3982
3861
4929
2195
4432
3994
1060
3527
2163
373
302
3009
4989
955
1109
4388
736
2612
2636
1665
3547
3061
2646
4506
1792
3289
3345
3566
2478
1351
4840
542
2594
3844
4016
3928
4799
4463
3687
2706
3212
4780
2797
1701
4849
802
3322
3891
3413
4909
3250
1749
4729
1506
2703
1618
2125
1083
1805
2171
421
1407
4411
272
4020
1255
1151
4908
2786
1451
3555
2432
4018
4937
3211
4043
4839
2291
1012
4292
1760
1405
1530
2414
2994
4990
1505
1452
4354
2216
4214
3466
1197
1060
3240
2606
1941
876
4772
1458
3130
286
2108
4873
1893
3746
4480
4434
3907
1041
4669
820
3671
2510
1120
605
3933
4053
436
3422
2672
4790
222
26
3861
1830
161
1496
2592
741
1162
4722
821
2193
3141
4364
2120
4709
1728
1651
2340
641
2772
779
3009
2280
1030
4149
637
2481
835
3369
2822
4305
1850
3765
1211
1955
2252
1133
1912
732
4805
600
910
1801
3318
3744
425
3332
2945
1587
1885
2968
2614
2691
2391
2636
1623
2311
4134
434
128
525
190
690
4783
4302
539
2340
1291
720
3951
2430
4998
920
4573
895
3930
1937
1688
4789
900
1243
2122
4751
2378
1694
2214
3842
1841
2589
75
3823
4225
715
4142
1592
916
3576
620
3746
1449
489
522
210
3699
864
1418
3422
3910
2787
4910
2833
1311
3963
3089
391
4462
1183
931
1225
2688
3770
1665
4947
1150
822
3618
1911
2149
1712
4967
230
3244
3975
2102
3596
4641
2649
3045
1748
4096
141
4431
4958
2268
926
4147
1030
55
713
1584
3150
1962
231
3851
4364
931
4489
3974
4587
424
4130
1323
3844
3741
1536
4992
852
3684
450
2855
4160
2743
4178
2393
3809
4895
3888
4108
4862
4962
135
4579
246
237
2491
3752
4028
1739
4080
67
2635
4030
4913
2413
571
3004
120
4709
3836
423
1580
2110
3623
2284
3997
2456
4843
275
4163
2606
3708
1677
2
1714
876
3094
4011
2351
1665
2275
3886
602
2431
136
1422
2935
2521
1790
4290
653
4098
1044
3912
2243
2781
2347
1449
4766
240
2616
2872
2718
828
2711
3204
1460
2862
4600
4248
2421
1404
408
4586
3720
3251
3593
157
2810
1373
506
3492
1998
227
2430
4562
3417
218
4013
1216
2170
4066
3671
2425
4835
4991
165
2872
488
1458
2045
2956
2716
658
3061
3953
3838
3053
1973
3873
1682
3065
4406
576
4853
1448
2521
4810
4334
2959
332
2151
2679
3681
3406
4265
1786
791
1559
1518
1444
3576
1918
737
3404
3253
2351
3812
4743
516
1866
4947
4660
3740
40
1567
664
2477
1914
1280
3297
223
3084
4853
3188
2404
1919
2852
211
217
1901
1436
1985
3257
2140
843
2749
3805
2973
3246
3929
3324
1421
4986
4318
1934
2959
1685
864
4613
1724
3365
516
3435
792
508
4439
3420
2610
909
3181
467
2018
1339
49
3396
546
2229
47
3356
844
3062
3191
2705
4144
698
3941
2024
1659
2615
2781
3089
2692
1908
1672
2471
2986
964
2240
4944
1601
905
4068
3015
3128
4264
389
3716
4619
3853
4814
1248
2985
1487
463
4214
3937
1000
2022
3915
2786
1029
1787
672
534
4120
2721
3173
712
71
4926
1633
3399
2800
1674
3934
2665
1711
2350
4988
2466
229
2214
3257
3661
1136
2912
4772
1396
388
3011
3986
2584
3354
4704
2510
2557
4768
959
1096
3301
1260
2079
2241
2824
3027
1596
457
1359
4041
3894
4512
54
3229
4750
971
1767
2216
1275
949
1354
3548
4310
2279
4594
1798
4457
2231
509
3591
2327
1516
1374
1377
4490
3540
3171
4739
3852
3798
1553
2122
1883
2832
4688
133
194
2419
4469
1983
455
3505
1673
1218
4520
946
3609
1612
976
4292
4685
3986
4975
686
1112
767
381
472
630
4293
1751
3217
1785
222
3605
1716
4745
2931
775
3952
2090
453
1355
3169
3291
2310
2939
3937
868
4618
3352
2577
4290
2927
4068
3341
4763
4606
2864
2564
4958
3993
2017
1341
2610
158
4554
3377
657
3879
3608
3376
4245
2357
3975
2681
1512
2266
310
2946
510
3976
3238
245
4038
2148
2848
1447
2409
482
3659
1591
1395
1074
1160
727
3677
1688
2454
947
2135
2294
2388
4324
2234
351
1751
78
3554
2677
815
4598
2275
205
4501
833
2012
564
4940
4216
4975
2233
3064
484
3835
2947
3097
1683
2052
4160
2543
201
1661
2611
314
1893
2674
4473
2143
3226
2341
2144
326
3899
451
3454
4129
597
3771
2954
2917
4351
3495
25
1164
3491
4243
3685
3026
1332
1796
4404
4097
2529
4209
3682
4281
4524
2393
2852
3479
609
1548
3397
897
3921
4075
2021
4382
2118
2704
4883
3105
558
4621
1688
302
2592
3325
1763
2549
3934
4787
881
3211
4163
3236
4329
313
2125
4560
3665
3045
3365
1891
1654
1517
1752
3387
2126
1196
4145
1639
3880
1644
1296
2390
299
3793
155
2447
4048
1039
2449
2798
4073
1825
1647
2906
145
245
458
1081
3346
1426
3572
3677
4240
103
678
2523
3931
3838
2700
699
1865
1798
4786
1233
3013
888
2851
1803
1037
3268
1355
821
3138
3006
3563
1574
1547
4659
1765
1231
1041
3095
3783
594
1445
1749
3638
3474
3808
803
3419
1406
3827
2515
262
241
1147
2994
1813
4836
3345
3275
718
1640
3794
2471
3503
1520
3077
2070
1650
1541
4323
3258
2816
4756
3648
3220
2904
1278
2862
1976
155
2039
2748
3236
480
3675
1513
1136
4049
3905
4450
4492
1508
1661
2475
1370
4295
4927
3952
4359
2208
1943
1140
939
2782
2997
4669
3705
1034
474
1699
2030
4828
4244
782
4952
469
2728
4003
4674
101
2205
4674
1110
2166
2985
1717
312
3474
1112
4870
3458
1404
3147
3033
3325
2382
4414
1395
1806
3057
2805
1452
80
3520
883
1682
2520
2537
3541
418
1272
2956
1934
1430
708
1419
1730
1813
4644
6
12
1057
4284
3703
290
4587
1358
1434
4163
4636
3795
4917
1161
1045
586
3826
146
4474
3214
2528
1465
4555
3107
3212
3715
707
3120
2355
2610
3700
980
2265
1911
1571
3926
1954
2813
4141
1571
1662
3501
1243
3100
3170
4786
716
508
3452
908
3387
1544
2324
1571
3537
4341
483
2264
4808
560
2730
4762
3111
4976
2251
3423
4856
2075
512
608
749
4182
3736
1080
2472
1061
920
726
1790
2710
63
4332
4028
306
3603
413
398
4834
1061
3306
1345
3990
1544
3814
966
364
1068
4723
539
2714
4626
1399
2383
2435
553
493
3597
3923
15
1526
2694
609
2383
1724
809
2900
2839
4047
2913
110
1831
1749
3470
750
1854
218
19
4225
647
3031
2485
2047
1063
4383
395
3188
1774
4066
4774
1083
4488
4185
1234
4083
2541
3648
623
1885
2564
2283
3687
2574
430
1099
1373
3421
4844
3819
2756
3521
1719
2338
3100
2689
4991
116
222
3759
4612
2902
3160
4590
251
354
3111
1620
4675
272
2773
3787
3864
4208
1481
3978
1657
4129
16
4953
138
4686
536
2870
3036
4393
3876
4096
3109
1653
3346
11
869
3176
1268
4888
1034
2786
1692
3728
4774
2982
147
165
144
4942
3801
4132
135
4801
3122
34
2372
182
3990
3577
1850
933
2203
4253
3023
1934
504
697
217
3678
1592
2814
584
3036
4033
2579
1780
2235
1645
4913
2123
3653
724
878
4222
1432
3416
2715
4010
3292
4666
3913
632
2161
4411
2606
3883
2420
1138
3048
4741
4608
2462
2849
1098
412
3146
2921
4939
1664
856
2825
4096
2819
4990
1300
1173
1115
4116
278
4409
2197
2921
639
49
1481
79
4248
3254
2986
4115
4617
4719
2618
165
2610
2924
2177
1522
4226
2394
3441
984
4403
1436
3743
3328
4189
3551
387
1667
3363
142
1100
2072
1788
3185
1481
2582
355
254
3053
4674
1367
663
2108
2306
3601
498
4992
902
4095
1037
4874
1026
1915
4349
3313
4041
3765
1887
2147
4737
2336
1559
2302
3788
693
1016
1158
894
4865
4930
3978
2639
2012
1600
2770
2421
3206
4539
2627
3295
2912
2610
1272
3199
1706
2878
2016
840
4637
3591
3825
4448
4913
607
4525
4736
1266
4133
4406
2643
2421
3886
2693
1879
3609
4614
3379
845
2940
491
4902
3249
4747
1048
47
1613
2759
3161
3199
2926
3019
3115
1805
875
31
4898
2489
4478
4521
717
4745
3408
2546
2168
1591
1011
3401
629
1841
1824
2943
3215
2892
1375
4508
1081
1071
2205
1502
4933
3585
1323
4202
3362
2088
777
2971
3027
2735
4614
1361
760
1300
2272
88
1390
4664
361
1900
1442
1484
1879
2732
2929
375
4114
1344
3084
3283
3908
2868
282
32
1461
1261
3349
2215
1589
1730
1137
704
4179
1598
1543
1038
3627
1894
4114
4890
174
2238
3017
3603
4420
3189
2406
1534
4756
3303
4171
2545
1082
2606
3653
2549
2012
27
2117
4434
1665
4644
739
4059
1290
4238
4353
2244
222
4754
4482
2873
65
751
14
1255
614
4818
411
4905
715
3230
550
748
2191
839
3104
3555
4967
303
3893
120
1760
4257
2777
2260
1038
4003
2463
4255
2466
4577
94
1728
4736
3822
1577
4300
1493
2237
1396
3581
2048
921
1114
1172
4728
1875
2810
3398
1973
3324
4500
443
2776
2445
2946
2392
4635
4116
353
3442
3979
1834
140
3221
927
969
3373
698
1323
4924
1443
1656
1223
1529
2296
85
1392
266
1819
2108
1917
479
4017
3288
4748
1790
3261
1237
4812
324
4184
439
3397
3235
4778
155
627
4193
875
4051
2218
4217
454
1933
4143
216
4167
4609
2515
3115
4056
2418
4756
3276
695
1424
2083
3198
4874
3602
2462
1179
3520
3627
2420
4669
762
9
533
3561
3899
2399
1
1561
595
4866
2413
3057
2779
1817
4742
3643
4578
4026
1601
4552
1113
1921
49
4774
2137
1892
4534
4565
4305
3864
114
386
3327
4823
2755
4051
2390
3260
1322
3002
988
3766
1866
4189
3771
4097
950
988
2079
4102
1051
947
1592
1822
2519
1944
2927
1937
3182
477
3082
469
3465
3432
4316
2340
1775
3641
3459
4930
2020
4937
3653
1251
2325
4222
2212
754
1433
1273
2645
4055
1776
1615
853
59
951
3826
207
65
1159
50
2472
3447
4181
2333
1559
3391
2659
2651
4670
4022
1737
1110
702
1942
3633
4886
3704
868
1324
4914
4757
2547
1348
3190
3934
623
4639
852
4848
1430
3461
835
2894
1979
1740
4032
4504
532
507
4335
3570
4259
4785
860
2780
1418
2915
4937
1725
2401
4274
175
550
4752
1326
1003
2345
1984
2190
3640
4690
4584
227
3331
539
4147
2695
3070
1097
2933
1170
1718
3486
1524
2257
3615
3756
1413
3106
2309
1236
2551
2376
2982
3315
2871
3590
1548
481
2759
4274
3117
4869
2305
877
3760
1595
2917
1225
2023
912
2517
3200
689
549
149
394
4644
1668
1266
2716
2519
3521
4362
2345
2984
1253
2894
2918
1195
3286
3631
2606
1892
4374
3672
4516
3097
2719
3374
937
3187
4530
1344
1064
4345
1990
460
195
2051
916
625
1853
3319
2291
4577
2942
857
2482
2612
829
1162
160
517
188
1874
3871
2386
1573
2346
2762
1199
2917
1510
4170
253
4599
3576
671
2571
3288
19
699
3392
4491
600
1030
2748
3654
1866
1293
882
655
3724
124
3991
2799
3150
4771
1352
1701
4074
742
2400
33
3778
567
3746
4721
3908
873
1429
4038
3316
4714
2928
1997
545
1595
1587
4617
679
649
3136
3885
4682
3227
4946
1732
4101
4542
